STARLINK-3005           
1 48881U 21059C   24248.33385563  .00003029  00000+0  24029-3 0  9995
2 48881  97.6606  11.4546 0001695  99.1332 261.0084 15.01267998176085
STARLINK-4362           
1 53043U 22077A   24248.49435586  .00000312  00000+0  28923-4 0  9990
2 53043  97.6559  68.1967 0002249  86.6967 273.4515 15.01262382118225
STARLINK-4349           
1 53044U 22077B   24248.49064049 -.00008326  00000+0 -64371-3 0  9994
2 53044  97.6552  68.1914 0001495  88.5755 271.5641 15.01300139118221
STARLINK-4350           
1 53045U 22077C   24248.49620856  .00002635  00000+0  20963-3 0  9993
2 53045  97.6559  68.1826 0002173  78.3490 281.7978 15.01272282118221
STARLINK-4331           
1 53046U 22077D   24248.49459502 -.00002523  00000+0 -19186-3 0  9995
2 53046  97.6557  68.1830 0002443  86.9997 273.1507 15.01264578118224
STARLINK-4352           
1 53047U 22077E   24248.47422510  .00000492  00000+0  42867-4 0  9997
2 53047  97.6568  68.1926 0001628 198.5880 161.5285 15.01264709118227
STARLINK-4355           
1 53048U 22077F   24248.48719321  .00000326  00000+0  29991-4 0  9997
2 53048  97.6550  68.1858 0001152  93.5021 266.6335 15.01261568118218
STARLINK-4345           
1 53049U 22077G   24248.47954067 -.00000062  00000+0 -22700-6 0  9997
2 53049  97.6564  68.1747 0000972 188.3630 171.7579 15.01259638118210
STARLINK-4343           
1 53050U 22077H   24248.48509784  .00000719  00000+0  60534-4 0  9994
2 53050  97.6555  68.1808 0000971  99.2208 260.9126 15.01260615118216
STARLINK-4336           
1 53051U 22077J   24248.48695083 -.00000217  00000+0 -12318-4 0  9995
2 53051  97.6550  68.1683 0001260  96.2655 263.8713 15.01260737118217
STARLINK-4341           
1 53052U 22077K   24248.48324502  .00000624  00000+0  53121-4 0  9998
2 53052  97.6559  68.1759 0000205 127.0632 233.0610 15.01263839118218
STARLINK-4337           
1 53053U 22077L   24248.47583753  .00000045  00000+0  80719-5 0  9994
2 53053  97.6566  68.1651 0002323 202.0950 158.0174 15.01261398118217
STARLINK-4339           
1 53054U 22077M   24248.48139413  .00001114  00000+0  91302-4 0  9993
2 53054  97.6563  68.1726 0000210 113.2471 246.8775 15.01262584118213
STARLINK-4338           
1 53055U 22077N   24248.47398461  .00003577  00000+0  28284-3 0  9996
2 53055  97.6569  68.1632 0002436 193.5767 166.5392 15.01270694118211
STARLINK-4314           
1 53056U 22077P   24248.47769062  .00001877  00000+0  15071-3 0  9997
2 53056  97.6562  68.1674 0001055 191.7913 168.3286 15.01262663118219
STARLINK-4252           
1 53057U 22077Q   24248.47028787  .00001400  00000+0  11349-3 0  9996
2 53057  97.6568  68.1595 0002179 158.2884 201.8433 15.01275124118214
STARLINK-4317           
1 53058U 22077R   24248.48904987  .00000611  00000+0  52135-4 0  9995
2 53058  97.6549  68.1546 0001533  93.2267 266.9133 15.01260424118212
STARLINK-4320           
1 53059U 22077S   24248.46682450  .00000550  00000+0  47418-4 0  9992
2 53059  97.6574  68.1572 0000827 130.5008 229.6288 15.01264423118213
STARLINK-4305           
1 53060U 22077T   24248.47213636  .00000280  00000+0  26424-4 0  9995
2 53060  97.6571  68.1613 0001929 180.6543 179.4679 15.01260847118214
STARLINK-4308           
1 53061U 22077U   24248.46472772  .00001017  00000+0  83713-4 0  9996
2 53061  97.6580  68.1566 0001143  89.0220 271.1136 15.01266432118218
STARLINK-4311           
1 53062U 22077V   24248.46843118  .00001395  00000+0  11320-3 0  9996
2 53062  97.6573  68.1581 0001101 154.8752 205.2526 15.01266661118218
STARLINK-4307           
1 53063U 22077W   24248.48879885 -.00000213  00000+0 -12005-4 0  9991
2 53063  97.6549  68.2059 0001398  92.5414 267.5970 15.01261027118220
STARLINK-4313           
1 53064U 22077X   24248.46657987  .00000751  00000+0  63038-4 0  9994
2 53064  97.6573  68.1570 0000527 107.2833 252.8449 15.01264531118217
STARLINK-4312           
1 53065U 22077Y   24248.46102784  .00000640  00000+0  54387-4 0  9999
2 53065  97.6602  68.1588 0000575  96.2034 263.9256 15.01262150118217
STARLINK-4309           
1 53066U 22077Z   24248.45941691  .00001407  00000+0  11409-3 0  9996
2 53066  97.6597  68.1675 0000276  91.9378 268.1877 15.01264991118210
STARLINK-4306           
1 53067U 22077AA  24248.45732634  .00000920  00000+0  76192-4 0  9992
2 53067  97.6592  68.1598 0001635  87.0741 273.0670 15.01262213118211
STARLINK-4325           
1 53068U 22077AB  24248.46287679  .00002453  00000+0  19555-3 0  9990
2 53068  97.6593  68.1490 0000804  94.3097 265.8219 15.01254680118213
STARLINK-4323           
1 53069U 22077AC  24248.45360648  .00002253  00000+0  17986-3 0  9992
2 53069  97.6587  68.1582 0001976  79.4540 280.6906 15.01275973118213
STARLINK-4342           
1 53070U 22077AD  24248.45917690  .00000552  00000+0  47533-4 0  9991
2 53070  97.6593  68.1600 0001671  83.6694 276.4721 15.01268125118211
STARLINK-4328           
1 53071U 22077AE  24248.51841701 -.00006191  00000+0 -47738-3 0  9991
2 53071  97.6589  68.2231 0002148  84.6777 275.4692 15.01295109118220
STARLINK-4344           
1 53072U 22077AF  24248.51472149  .00000712  00000+0  60052-4 0  9994
2 53072  97.6581  68.2381 0002578  70.1773 289.9728 15.01261553118228
STARLINK-4346           
1 53073U 22077AG  24248.45201973  .00001251  00000+0  10194-3 0  9993
2 53073  97.6588  68.1485 0001870  89.0948 271.0490 15.01260188118217
STARLINK-4310           
1 53074U 22077AH  24248.45547329  .00000853  00000+0  70986-4 0  9995
2 53074  97.6592  68.1513 0001195  95.1243 265.0117 15.01264360118216
STARLINK-4348           
1 53075U 22077AJ  24248.51657495  .00001157  00000+0  94688-4 0  9992
2 53075  97.6583  68.2095 0002058  89.6186 270.5274 15.01262594118229
STARLINK-4347           
1 53076U 22077AK  24248.51496702  .00000287  00000+0  26928-4 0  9990
2 53076  97.6582  68.2250 0002071  91.3745 268.7716 15.01261132118225
STARLINK-4315           
1 53077U 22077AL  24248.50917217 -.00000750  00000+0 -53759-4 0  9998
2 53077  97.6566  68.2151 0002682  83.2278 276.9252 15.01258298118222
STARLINK-4322           
1 53078U 22077AM  24248.51287211  .00000771  00000+0  64632-4 0  9997
2 53078  97.6579  68.2189 0002349  86.4556 273.6937 15.01260451118220
STARLINK-4327           
1 53079U 22077AN  24248.50731840  .00000717  00000+0  60444-4 0  9996
2 53079  97.6568  68.2129 0003018  81.4385 278.7181 15.01263324118221
STARLINK-4330           
1 53080U 22077AP  24248.44437894 -.00001203  00000+0 -89059-4 0  9999
2 53080  97.6574  68.1514 0002787  83.7089 276.4452 15.01252032118214
STARLINK-4326           
1 53081U 22077AQ  24248.51126679  .00000247  00000+0  23836-4 0  9990
2 53081  97.6575  68.2002 0002805  81.1714 278.9828 15.01262377118225
STARLINK-4321           
1 53082U 22077AR  24248.50546715  .00000180  00000+0  18638-4 0  9997
2 53082  97.6564  68.2108 0003250  77.0269 283.1318 15.01260833118222
STARLINK-4251           
1 53083U 22077AS  24248.49250548  .00000075  00000+0  10426-4 0  9992
2 53083  97.6557  68.1943 0001267  72.3536 287.7827 15.01258976118222
STARLINK-4319           
1 53084U 22077AT  24248.50361645 -.00000015  00000+0  34645-5 0  9991
2 53084  97.6563  68.2084 0002947  68.5437 291.6101 15.01260445118223
STARLINK-4324           
1 53085U 22077AU  24248.49829369  .00003543  00000+0  28021-3 0  9999
2 53085  97.6558  68.2054 0002576  56.3768 303.7702 15.01271228118228
STARLINK-4318           
1 53086U 22077AV  24248.50176027  .00001981  00000+0  15879-3 0  9999
2 53086  97.6560  68.2064 0002958  71.0009 289.1536 15.01254037118220
STARLINK-4329           
1 53087U 22077AW  24248.49991311  .00000484  00000+0  42282-4 0  9995
2 53087  97.6562  68.1963 0002812  61.9061 298.2447 15.01261595118224
STARLINK-4333           
1 53088U 22077AX  24248.49805656  .00003191  00000+0  25289-3 0  9997
2 53088  97.6558  68.2015 0002690  57.6434 302.5051 15.01263206118220
STARLINK-4391           
1 53189U 22084A   24248.17183480  .00002599  00000+0  20684-3 0  9991
2 53189  97.6534 307.8678 0001868  88.8896 271.2542 15.01260981117242
STARLINK-4332           
1 53190U 22084B   24248.59927398  .00000118  00000+0  13813-4 0  9995
2 53190  97.6558 308.2814 0002703 192.6641 167.4515 15.01255397117306
STARLINK-4369           
1 53191U 22084C   24248.16047957  .00001371  00000+0  11130-3 0  9994
2 53191  97.6540 307.8608 0001504  88.3707 271.7690 15.01261470116565
STARLINK-4375           
1 53192U 22084D   24248.15862842  .00013844  00000+0  10800-2 0  9992
2 53192  97.6535 307.8598 0001504  89.9029 270.2367 15.01270621117230
STARLINK-4351           
1 53193U 22084E   24248.16418044  .00000765  00000+0  64102-4 0  9999
2 53193  97.6535 307.8671 0001594  91.1242 269.0164 15.01268199117580
STARLINK-4382           
1 53194U 22084F   24248.16232794  .00003093  00000+0  24524-3 0  9996
2 53194  97.6534 307.8642 0001680  93.3109 266.8308 15.01267272116563
STARLINK-4404           
1 53195U 22084G   24248.61592706  .00001262  00000+0  10283-3 0  9992
2 53195  97.6539 308.3242 0001900 235.0749 125.0297 15.01263182117303
STARLINK-4407           
1 53196U 22084H   24248.61778376  .00000724  00000+0  60956-4 0  9997
2 53196  97.6543 308.3259 0000336 203.9297 156.1912 15.01261514117295
STARLINK-4403           
1 53197U 22084J   24248.15307101  .00001823  00000+0  14648-3 0  9998
2 53197  97.6542 307.8513 0000264 139.2217 220.9027 15.01260453116562
STARLINK-4385           
1 53198U 22084K   24248.15677646  .00002025  00000+0  16222-3 0  9998
2 53198  97.6539 307.8563 0001179  90.5558 269.5801 15.01262110117222
STARLINK-4395           
1 53199U 22084L   24248.15492319  .00001961  00000+0  15721-3 0  9992
2 53199  97.6542 307.8455 0000790  99.5935 260.5379 15.01263438116564
STARLINK-4417           
1 53200U 22084M   24248.15146045  .00001797  00000+0  14448-3 0  9999
2 53200  97.6543 307.8576 0000464 200.1537 159.9669 15.01262577117228
STARLINK-4405           
1 53201U 22084N   24248.60875159  .00001494  00000+0  12082-3 0  9991
2 53201  97.6562 308.3090 0004151 223.1149 136.9750 15.01272276116635
STARLINK-4411           
1 53202U 22084P   24248.61407768  .00001018  00000+0  83873-4 0  9999
2 53202  97.6541 308.3130 0002128 228.0782 132.0261 15.01261954116632
STARLINK-4409           
1 53203U 22084Q   24248.61037352  .00000892  00000+0  74051-4 0  9995
2 53203  97.6544 308.2999 0004159 218.4062 141.6867 15.01261717116633
STARLINK-4410           
1 53204U 22084R   24248.61432290  .00000858  00000+0  71421-4 0  9996
2 53204  97.6549 308.3080 0001996 220.2707 139.8370 15.01261767117290
STARLINK-4397           
1 53205U 22084S   24248.60667217  .00001790  00000+0  14390-3 0  9992
2 53205  97.6546 308.2958 0004600 201.3486 158.7547 15.01263859116637
STARLINK-4408           
1 53206U 22084T   24248.12899442  .00002228  00000+0  17798-3 0  9999
2 53206  97.6569 307.8612 0001313 213.5499 146.5642 15.01263448116569
STARLINK-4413           
1 53207U 22084U   24248.60482183 -.00000547  00000+0 -37935-4 0  9993
2 53207  97.6549 308.2943 0003996 189.0027 171.1126 15.01264644116631
STARLINK-4425           
1 53208U 22084V   24248.61222462  .00000861  00000+0  71607-4 0  9998
2 53208  97.6543 308.3021 0003641 216.4190 143.6787 15.01261908116634
STARLINK-4423           
1 53209U 22084W   24248.60321445  .00001480  00000+0  11980-3 0  9994
2 53209  97.6553 308.2931 0003047 194.4969 165.6168 15.01264142116634
STARLINK-4427           
1 53210U 22084X   24248.60852303  .00000722  00000+0  60822-4 0  9996
2 53210  97.6546 308.2975 0004068 210.1859 149.9131 15.01261433117179
STARLINK-4419           
1 53211U 22084Y   24248.13108968  .00002844  00000+0  22591-3 0  9993
2 53211  97.6558 307.8323 0001513 225.6675 134.4425 15.01266222117080
STARLINK-4416           
1 53212U 22084Z   24248.60297309  .00001291  00000+0  10512-3 0  9999
2 53212  97.6549 308.2923 0003598 186.4897 173.6281 15.01262347116636
STARLINK-4414           
1 53213U 22084AA  24248.59370302  .00003874  00000+0  30597-3 0  9997
2 53213  97.6572 308.2869 0001136 288.1878  71.9223 15.01274049117153
STARLINK-4353           
1 53214U 22084AB  24248.60111905  .00000900  00000+0  74655-4 0  9993
2 53214  97.6557 308.2905 0002095 199.3817 160.7328 15.01263977116632
STARLINK-4335           
1 53215U 22084AC  24248.12529905  .00001999  00000+0  16016-3 0  9999
2 53215  97.6588 307.8267 0000765  95.5892 264.5420 15.01261789117080
STARLINK-4376           
1 53216U 22084AD  24248.59741528  .00001148  00000+0  93977-4 0  9996
2 53216  97.6561 308.2882 0001168 254.6421 105.4674 15.01263370116636
STARLINK-4379           
1 53217U 22084AE  24248.18084318  .00001316  00000+0  10702-3 0  9990
2 53217  97.6554 307.9101 0001839  92.4082 267.7353 15.01262732116575
STARLINK-4384           
1 53218U 22084AF  24248.11628069 -.00000307  00000+0 -19279-4 0  9991
2 53218  97.6558 307.8583 0000651 103.9526 256.1770 15.01265589117080
STARLINK-4373           
1 53219U 22084AG  24248.58446369  .00005350  00000+0  42098-3 0  9999
2 53219  97.6563 308.2888 0000575 106.1869 253.9419 15.01245830116632
STARLINK-4363           
1 53220U 22084AH  24248.12344636  .00000715  00000+0  60266-4 0  9993
2 53220  97.6580 307.8282 0000860 250.5140 109.5991 15.01256122117086
STARLINK-4377           
1 53221U 22084AJ  24248.18269583  .00002105  00000+0  16840-3 0  9990
2 53221  97.6561 307.8934 0001675  96.9961 263.1454 15.01262639116572
STARLINK-4381           
1 53222U 22084AK  24248.12159281  .00000046  00000+0  81475-5 0  9998
2 53222  97.6572 307.8293 0000744 107.3531 252.7775 15.01270319116562
STARLINK-4354           
1 53223U 22084AL  24248.12184438  .00001344  00000+0  10919-3 0  9996
2 53223  97.6572 307.8126 0001236  96.9237 263.2128 15.01258082116563
STARLINK-4356           
1 53224U 22084AM  24248.11973467 -.00004327  00000+0 -33225-3 0  9995
2 53224  97.6568 307.8302 0000774  80.0845 280.0467 15.01288695116566
STARLINK-4358           
1 53225U 22084AN  24248.17714197  .00002996  00000+0  23771-3 0  9998
2 53225  97.6548 307.8891 0001801  96.4700 263.6729 15.01265679116577
STARLINK-4359           
1 53226U 22084AP  24248.17528687 -.00000049  00000+0  78252-6 0  9991
2 53226  97.6545 307.9005 0001947  86.9644 273.1803 15.01267701116572
STARLINK-4366           
1 53227U 22084AQ  24248.16603284  .00001039  00000+0  85480-4 0  9996
2 53227  97.6530 307.8878 0001704  94.8658 265.2760 15.01260457116573
STARLINK-4365           
1 53228U 22084AR  24248.17899192  .00002274  00000+0  18157-3 0  9991
2 53228  97.6554 307.8913 0001873  93.3335 266.8104 15.01265249116576
STARLINK-4367           
1 53229U 22084AS  24248.17344035  .00001364  00000+0  11077-3 0  9996
2 53229  97.6540 307.8832 0001942  92.9772 267.1674 15.01260664116571
STARLINK-4364           
1 53230U 22084AT  24248.17738512  .00002302  00000+0  18376-3 0  9997
2 53230  97.6552 307.8848 0001882  90.0232 270.1208 15.01266109116573
STARLINK-4370           
1 53231U 22084AU  24248.16973784  .00001365  00000+0  11084-3 0  9996
2 53231  97.6526 307.8762 0002115  90.9828 269.1639 15.01260337116573
STARLINK-4371           
1 53232U 22084AV  24248.17158779  .00001191  00000+0  97306-4 0  9996
2 53232  97.6537 307.8809 0002589  91.4025 268.7496 15.01265201116579
STARLINK-4372           
1 53233U 22084AW  24248.16627734  .00001408  00000+0  11419-3 0  9999
2 53233  97.6532 307.8747 0001935  92.8200 267.3246 15.01262980116579
STARLINK-4368           
1 53234U 22084AX  24248.16788344  .00001664  00000+0  13407-3 0  9998
2 53234  97.6528 307.8693 0001937  90.5111 269.6335 15.01264926117581
STARLINK-4398           
1 53466U 22099B   24248.31284303  .00003459  00000+0  27373-3 0  9995
2 53466  97.6550   8.0052 0001714 256.6612 103.4421 15.01269548113252
STARLINK-4394           
1 53467U 22099C   24248.30888610  .00004012  00000+0  31664-3 0  9990
2 53467  97.6552   8.0561 0004001 233.8808 126.2047 15.01269751113259
STARLINK-4400           
1 53468U 22099D   24248.24248457  .00001825  00000+0  14660-3 0  9999
2 53468  97.6554   7.9339 0004538 230.3146 129.7678 15.01263700113240
STARLINK-4399           
1 53469U 22099E   24248.30518890  .00003406  00000+0  26953-3 0  9993
2 53469  97.6558   7.9989 0004322 219.1080 140.9832 15.01270310113252
STARLINK-4393           
1 53470U 22099F   24248.30702349  .00004324  00000+0  34078-3 0  9996
2 53470  97.6558   7.9977 0005391 235.8268 124.2445 15.01282204113251
STARLINK-4316           
1 53471U 22099G   24248.23483195  .00002477  00000+0  19733-3 0  9992
2 53471  97.6569   7.9309 0003822 223.6145 136.4778 15.01265769113249
STARLINK-4447           
1 53472U 22099H   24248.23668610  .00002885  00000+0  22909-3 0  9992
2 53472  97.6562   7.9318 0004647 221.9825 138.1043 15.01265424113247
STARLINK-4383           
1 53473U 22099J   24248.36443210  .00001912  00000+0  15336-3 0  9990
2 53473  97.6588   8.0614 0002973 233.0466 127.0486 15.01271141113265
STARLINK-4445           
1 53474U 22099K   24248.29062512  .00001538  00000+0  12427-3 0  9997
2 53474  97.6577   7.9978 0001041 246.9632 113.1483 15.01267954113257
STARLINK-4389           
1 53475U 22099L   24248.29593316  .00002415  00000+0  19253-3 0  9998
2 53475  97.6589   7.9955 0001969 259.5816 100.5187 15.01267910113959
STARLINK-4378           
1 53476U 22099M   24248.36628344  .00001096  00000+0  89889-4 0  9994
2 53476  97.6575   8.0617 0003292 217.6620 142.4374 15.01271839113263
STARLINK-4412           
1 53477U 22099N   24248.36467988  .00002175  00000+0  17380-3 0  9995
2 53477  97.6583   8.0467 0002785 234.9045 125.1918 15.01269785113961
STARLINK-4433           
1 53478U 22099P   24248.29223111  .00001642  00000+0  13242-3 0  9997
2 53478  97.6577   8.0097 0001655 257.4323 102.6716 15.01264355113254
STARLINK-4436           
1 53479U 22099Q   24248.29038246  .00000969  00000+0  79985-4 0  9999
2 53479  97.6573   7.9978 0000882 282.2463  77.8662 15.01265384113255
STARLINK-4442           
1 53480U 22099R   24248.29408214  .00001400  00000+0  11359-3 0  9998
2 53480  97.6586   7.9975 0002329 253.9856 106.1112 15.01268133113258
STARLINK-4302           
1 53481U 22099S   24248.28851639  .00011037  00000+0  86175-3 0  9996
2 53481  97.6599   7.9970 0000087 222.0188 138.1030 15.01295892113258
STARLINK-4360           
1 53482U 22099T   24248.34407522  .00004027  00000+0  31781-3 0  9996
2 53482  97.6571   8.0824 0001438  86.2641 273.8747 15.01272302113268
STARLINK-4401           
1 53483U 22099U   24248.34222275  .00003599  00000+0  28458-3 0  9997
2 53483  97.6562   8.0712 0001739  92.7978 267.3446 15.01272179113260
STARLINK-4426           
1 53484U 22099V   24248.35333156  .00002770  00000+0  22014-3 0  9992
2 53484  97.6573   8.0611 0000177  79.6971 280.4273 15.01268552113267
STARLINK-4430           
1 53485U 22099W   24248.28112888  .00005126  00000+0  40326-3 0  9996
2 53485  97.6573   7.9930 0001643  95.3777 264.7635 15.01272766113256
STARLINK-4431           
1 53486U 22099X   24248.28482975  .00004751  00000+0  37417-3 0  9994
2 53486  97.6573   7.9946 0000877  96.5226 263.6098 15.01270936113252
STARLINK-4432           
1 53487U 22099Y   24248.28507696  .00001393  00000+0  11298-3 0  9991
2 53487  97.6576   7.9773 0000746  87.2989 272.8321 15.01264541113258
STARLINK-4421           
1 53488U 22099Z   24248.28297683  .00003308  00000+0  26196-3 0  9995
2 53488  97.6566   7.9930 0000576  94.8042 265.3248 15.01271307113251
STARLINK-4392           
1 53489U 22099AA  24248.28322499  .00001513  00000+0  12230-3 0  9990
2 53489  97.6565   7.9750 0000925  83.4889 276.6441 15.01267627113252
STARLINK-4387           
1 53490U 22099AB  24248.27927825  .00004669  00000+0  36771-3 0  9996
2 53490  97.6570   7.9913 0001660  90.9037 269.2377 15.01272583113259
STARLINK-4450           
1 53491U 22099AC  24248.33506763  .00005646  00000+0  44373-3 0  9991
2 53491  97.6573   8.0528 0001583  92.3512 267.7894 15.01269750113265
STARLINK-4451           
1 53492U 22099AD  24248.34037438  .00005580  00000+0  43845-3 0  9991
2 53492  97.6561   8.0563 0001953  92.9923 267.1524 15.01276587113265
STARLINK-4361           
1 53493U 22099AE  24248.33852498  .00002850  00000+0  22635-3 0  9993
2 53493  97.6564   8.0415 0001991  86.8926 273.2526 15.01272442113268
STARLINK-4340           
1 53494U 22099AF  24248.34247410  .00004423  00000+0  34864-3 0  9992
2 53494  97.6563   8.0492 0001903  89.0273 271.1169 15.01270156113266
STARLINK-4429           
1 53495U 22099AG  24248.33297064  .00002780  00000+0  22088-3 0  9991
2 53495  97.6569   8.0424 0001663  90.1394 270.0020 15.01268370113267
STARLINK-4465           
1 53496U 22099AH  24248.33667558  .00002687  00000+0  21367-3 0  9996
2 53496  97.6565   8.0460 0001763  95.3183 264.8242 15.01266902113264
STARLINK-4453           
1 53497U 22099AJ  24248.32926756  .00003976  00000+0  31392-3 0  9995
2 53497  97.6564   8.0381 0001376  96.4098 263.7283 15.01269880113264
STARLINK-4439           
1 53498U 22099AK  24248.32951013  .00004299  00000+0  33895-3 0  9999
2 53498  97.6562   8.0500 0001471  94.9996 265.1396 15.01271865113269
STARLINK-4454           
1 53499U 22099AL  24248.33482293  .00002489  00000+0  19830-3 0  9992
2 53499  97.6562   8.0284 0001739  97.0030 263.1392 15.01268238113263
STARLINK-4455           
1 53500U 22099AM  24248.33111837  .00003909  00000+0  30869-3 0  9991
2 53500  97.6563   8.0395 0001720  90.2808 269.8613 15.01271622113268
STARLINK-4434           
1 53501U 22099AN  24248.58846700  .00021291  00000+0  16559-2 0  9996
2 53501  97.6552   8.2935 0001169  88.7171 271.4187 15.01289861113305
STARLINK-4435           
1 53502U 22099AP  24248.32741782  .00003213  00000+0  25459-3 0  9997
2 53502  97.6565   8.0344 0001411  87.5471 272.5915 15.01267460113269
STARLINK-4461           
1 53503U 22099AQ  24248.32766313  .00002805  00000+0  22284-3 0  9994
2 53503  97.6566   8.0219 0001623  96.1499 263.9910 15.01267602113507
STARLINK-4448           
1 53504U 22099AR  24248.32556496  .00004089  00000+0  32268-3 0  9993
2 53504  97.6565   8.0323 0001306  99.7802 260.3570 15.01266069113260
STARLINK-4446           
1 53505U 22099AS  24248.25150475  .00002875  00000+0  22827-3 0  9994
2 53505  97.6548   7.9529 0000214 114.6609 245.4638 15.01267292113254
STARLINK-4437           
1 53506U 22099AT  24248.32371511  .00002398  00000+0  19123-3 0  9994
2 53506  97.6562   8.0214 0001335  94.3533 265.7844 15.01265952113265
STARLINK-4444           
1 53507U 22099AU  24248.31630101  .00005563  00000+0  43725-3 0  9999
2 53507  97.6552   8.0161 0000693 240.2926 119.8229 15.01272856113267
STARLINK-4443           
1 53508U 22099AV  24248.32000650  .00003269  00000+0  25895-3 0  9990
2 53508  97.6550   8.0228 0000360 161.0529 199.0709 15.01268346113262
STARLINK-4402           
1 53509U 22099AW  24248.24779820  .00000543  00000+0  46834-4 0  9993
2 53509  97.6558   7.9417 0002163 249.5964 110.5028 15.01260172113257
STARLINK-4441           
1 53510U 22099AX  24248.31074458  .00004887  00000+0  38467-3 0  9995
2 53510  97.6556   8.0159 0002091 260.9191  99.1796 15.01271371113269
STARLINK-4622           
1 53648U 22105A   24248.56317011  .00000817  00000+0  68167-4 0  9997
2 53648  97.6564 128.2537 0001563  92.1288 268.0115 15.01261041110554
STARLINK-4386           
1 53649U 22105B   24248.62796911  .00001390  00000+0  11280-3 0  9995
2 53649  97.6569 128.3187 0001284  86.1588 273.9783 15.01263222110557
STARLINK-4380           
1 53650U 22105C   24248.62611514  .00001644  00000+0  13252-3 0  9995
2 53650  97.6578 128.3187 0001759  89.5355 270.6071 15.01268534110550
STARLINK-4388           
1 53651U 22105D   24248.62426938  .00001162  00000+0  95060-4 0  9993
2 53651  97.6591 128.3189 0001972  95.8930 264.2519 15.01262392110556
STARLINK-4374           
1 53652U 22105E   24248.62241658  .00001870  00000+0  15011-3 0  9991
2 53652  97.6576 128.3211 0001860  92.5946 267.5491 15.01264993110557
STARLINK-4390           
1 53653U 22105F   24248.57428137  .00000263  00000+0  25025-4 0  9997
2 53653  97.6551 128.2163 0000374 197.0661 163.0551 15.01259804110541
STARLINK-4420           
1 53654U 22105G   24248.61686579  .00001232  00000+0  10046-3 0  9992
2 53654  97.6564 128.3202 0002602  91.9427 268.2095 15.01259467110556
STARLINK-4470           
1 53655U 22105H   24248.62056341  .00001277  00000+0  10400-3 0  9995
2 53655  97.6574 128.3220 0002238  91.4529 268.6952 15.01264979110551
STARLINK-4466           
1 53656U 22105J   24248.61130857  .00000296  00000+0  27632-4 0  9996
2 53656  97.6557 128.3202 0003656  87.5705 272.5938 15.01263767110552
STARLINK-4469           
1 53657U 22105K   24248.61871533  .00001589  00000+0  12828-3 0  9996
2 53657  97.6569 128.3216 0002593  88.7035 271.4486 15.01264117110555
STARLINK-4452           
1 53658U 22105L   24248.61316198  .00001605  00000+0  12951-3 0  9994
2 53658  97.6562 128.3182 0002814  87.8973 272.2573 15.01264400110559
STARLINK-4463           
1 53659U 22105M   24248.61525750  .00001601  00000+0  12922-3 0  9995
2 53659  97.6561 128.3181 0002952  79.3678 280.7879 15.01264436110551
STARLINK-4473           
1 53660U 22105N   24248.60760898  .00002361  00000+0  18828-3 0  9995
2 53660  97.6542 128.3106 0004285  81.5431 278.6279 15.01265723110552
STARLINK-4472           
1 53661U 22105P   24248.60970120 -.00000901  00000+0 -65489-4 0  9993
2 53661  97.6553 128.3172 0004171  82.9021 277.2677 15.01269086110555
STARLINK-4357           
1 53662U 22105Q   24248.60415642  .00000013  00000+0  56207-5 0  9998
2 53662  97.6537 128.3019 0005678  66.7174 293.4647 15.01259476110559
STARLINK-4457           
1 53663U 22105R   24248.60946349  .00000583  00000+0  50011-4 0  9990
2 53663  97.6555 128.3139 0003697  89.8844 270.2803 15.01258041110556
STARLINK-4471           
1 53664U 22105S   24248.60046043  .00002478  00000+0  19745-3 0  9996
2 53664  97.6553 128.3005 0005425  63.6958 296.4823 15.01260987110558
STARLINK-4334           
1 53665U 22105T   24248.60205759 -.00000849  00000+0 -61439-4 0  9998
2 53665  97.6542 128.3089 0005681  67.4589 292.7236 15.01265636110558
STARLINK-4449           
1 53666U 22105U   24248.59650209 -.00000272  00000+0 -16533-4 0  9996
2 53666  97.6542 128.2940 0004086  62.2852 297.8786 15.01260232110551
STARLINK-4406           
1 53667U 22105V   24248.60575982  .00000652  00000+0  55345-4 0  9997
2 53667  97.6541 128.3078 0004523  74.9764 285.1961 15.01263465110558
STARLINK-4458           
1 53668U 22105W   24248.59834390 -.00009385  00000+0 -72646-3 0  9993
2 53668  97.6545 128.2661 0005185  74.3201 285.8595 15.01280319110552
STARLINK-4464           
1 53669U 22105X   24248.60388304 -.00001070  00000+0 -78587-4 0  9999
2 53669  97.6536 128.2951 0005571  69.8794 290.3029 15.01299392110554
STARLINK-4459           
1 53670U 22105Y   24248.59465175  .00000447  00000+0  39378-4 0  9991
2 53670  97.6546 128.2869 0005000  70.0448 290.1314 15.01259487110558
STARLINK-4440           
1 53671U 22105Z   24248.59489979  .00000740  00000+0  62188-4 0  9991
2 53671  97.6548 128.2911 0005346  69.0664 291.1132 15.01256442110557
STARLINK-4428           
1 53672U 22105AA  24248.58168065  .00000490  00000+0  42698-4 0  9997
2 53672  97.6545 128.2928 0000807 100.2203 259.9112 15.01260279110550
STARLINK-4456           
1 53673U 22105AB  24248.61896176  .00001390  00000+0  11278-3 0  9992
2 53673  97.6573 128.3218 0002665  87.9226 272.2303 15.01260674110554
STARLINK-4620           
1 53674U 22105AC  24248.58909410 -.00001065  00000+0 -78315-4 0  9992
2 53674  97.6548 128.2798 0004231  75.8221 284.3473 15.01261502110554
STARLINK-4617           
1 53675U 22105AD  24248.58353430 -.00000188  00000+0 -10049-4 0  9993
2 53675  97.6543 128.2941 0001199  95.7203 264.4158 15.01258251110557
STARLINK-4621           
1 53676U 22105AE  24248.58538657  .00003286  00000+0  26026-3 0  9991
2 53676  97.6545 128.2753 0002002  93.7612 266.3841 15.01269050110556
STARLINK-4579           
1 53677U 22105AF  24248.59094305  .00001382  00000+0  11217-3 0  9991
2 53677  97.6545 128.2825 0004045  70.0996 290.0664 15.01267955110558
STARLINK-4418           
1 53678U 22105AG  24248.59119334  .00001989  00000+0  15942-3 0  9994
2 53678  97.6549 128.2649 0004016  66.2280 293.9365 15.01262806110558
STARLINK-4632           
1 53679U 22105AH  24248.58724521 -.00000411  00000+0 -27427-4 0  9997
2 53679  97.6550 128.2778 0003580  78.2667 281.8959 15.01260189110558
STARLINK-4630           
1 53680U 22105AJ  24248.57982753 -.00000688  00000+0 -48962-4 0  9994
2 53680  97.6548 128.2685 0000801  93.0400 267.0916 15.01269277110553
STARLINK-4424           
1 53681U 22105AK  24248.57796295 -.00012001  00000+0 -93086-3 0  9997
2 53681  97.6548 128.2801 0000371  77.4016 282.7249 15.01281867110557
STARLINK-4438           
1 53682U 22105AL  24248.56870259 -.00005329  00000+0 -41027-3 0  9993
2 53682  97.6558 128.2743 0000934 221.7426 138.3727 15.01292952110552
STARLINK-4625           
1 53683U 22105AM  24248.58377825 -.00002494  00000+0 -18965-3 0  9992
2 53683  97.6547 128.2685 0001382  87.0941 273.0442 15.01265214110551
STARLINK-4624           
1 53684U 22105AN  24248.60019861  .00012475  00000+0  97385-3 0  9990
2 53684  97.6530 128.3609 0004966  72.4468 287.7298 15.01262061110552
STARLINK-4626           
1 53685U 22105AP  24248.57635866 -.00008375  00000+0 -64793-3 0  9999
2 53685  97.6549 128.2684 0000359 129.0758 231.0498 15.01279428110557
STARLINK-4467           
1 53686U 22105AQ  24248.61501085  .00000827  00000+0  68999-4 0  9995
2 53686  97.6563 128.3785 0002904  81.1564 278.9989 15.01260042110566
STARLINK-4569           
1 53687U 22105AR  24248.57611304 -.00006092  00000+0 -46973-3 0  9996
2 53687  97.6552 128.2642 0000029 359.0797   1.0427 15.01291376110552
STARLINK-4571           
1 53688U 22105AS  24248.57056783 -.00000394  00000+0 -26048-4 0  9992
2 53688  97.6554 128.2590 0000388 189.2623 170.8594 15.01266711110551
STARLINK-4562           
1 53689U 22105AT  24248.62451086  .00001964  00000+0  15744-3 0  9996
2 53689  97.6588 128.3537 0001982  81.9395 278.2054 15.01262246110560
STARLINK-4570           
1 53690U 22105AU  24248.59280589  .00001258  00000+0  10254-3 0  9999
2 53690  97.6549 128.2294 0004021  69.0325 291.1329 15.01256412110551
STARLINK-4560           
1 53691U 22105AV  24248.57241731 -.00003701  00000+0 -28363-3 0  9991
2 53691  97.6552 128.2526 0000585 107.9413 252.1875 15.01275032110557
STARLINK-4572           
1 53692U 22105AW  24248.56685336 -.00009599  00000+0 -74296-3 0  9991
2 53692  97.6558 128.2563 0000190 237.8092 122.3114 15.01301801110551
STARLINK-4566           
1 53693U 22105AX  24248.56502140  .00000408  00000+0  36337-4 0  9996
2 53693  97.6561 128.2547 0000273 184.7617 175.3605 15.01258866110558
STARLINK-5954           
1 56318U 23058B   24248.59156525  .00001456  00000+0  11794-3 0  9999
2 56318  97.6525 248.2258 0002888  71.5137 288.6401 15.01262163 75097
STARLINK-6039           
1 56319U 23058C   24248.58971680  .00000870  00000+0  72302-4 0  9998
2 56319  97.6538 248.2279 0003426  86.1646 273.9970 15.01262775 75098
STARLINK-5988           
1 56320U 23058D   24248.59551831  .00000218  00000+0  21572-4 0  9992
2 56320  97.6540 248.2301 0004550  70.8924 289.2792 15.01261721 75101
STARLINK-5876           
1 56321U 23058E   24248.58415189  .00076333  00000+0  58784-2 0  9991
2 56321  97.6522 248.2338 0001909 161.5406 198.5888 15.01292836 75097
STARLINK-6033           
1 56322U 23058F   24248.52677244 -.00000184  00000+0 -96905-5 0  9991
2 56322  97.6532 248.1621 0004637  66.5221 293.6490 15.01257592 75088
STARLINK-6035           
1 56323U 23058G   24248.51935835  .00000488  00000+0  42568-4 0  9994
2 56323  97.6542 248.1657 0001424  90.2193 269.9194 15.01258511 75070
STARLINK-6034           
1 56324U 23058H   24248.58786418  .00000992  00000+0  81802-4 0  9997
2 56324  97.6540 248.2292 0003169  88.1804 271.9783 15.01261192 75096
STARLINK-5981           
1 56325U 23058J   24248.57859786  .00001115  00000+0  91407-4 0  9996
2 56325  97.6536 248.2397 0000932 174.3632 185.7603 15.01260825 75444
STARLINK-5980           
1 56326U 23058K   24248.58810940  .00000527  00000+0  45650-4 0  9992
2 56326  97.6540 248.2289 0003179  84.5776 275.5811 15.01260451 75092
STARLINK-5997           
1 56327U 23058L   24248.57328743  .00000557  00000+0  47971-4 0  9998
2 56327  97.6545 248.2461 0001906 187.7660 172.3535 15.01260457 75446
STARLINK-5992           
1 56328U 23058M   24248.58044943  .00000966  00000+0  79793-4 0  9998
2 56328  97.6535 248.2376 0001060 182.6677 177.4542 15.01263087 75440
STARLINK-5984           
1 56329U 23058N   24248.57674509  .00000860  00000+0  71567-4 0  9999
2 56329  97.6543 248.2416 0002043 197.8387 162.2766 15.01261664 75442
STARLINK-5967           
1 56330U 23058P   24248.58069473  .00000052  00000+0  86464-5 0  9996
2 56330  97.6540 248.2377 0001216 180.4547 179.6676 15.01260635 75443
STARLINK-5991           
1 56331U 23058Q   24248.57119213  .00001401  00000+0  11363-3 0  9997
2 56331  97.6540 248.2493 0002471 170.1137 190.0136 15.01261836 75440
STARLINK-5093           
1 56332U 23058R   24248.58230906  .00003531  00000+0  27933-3 0  9998
2 56332  97.6536 248.2358 0000830 125.8249 234.3052 15.01263790 75444
STARLINK-5553           
1 56333U 23058S   24248.56934258  .00001116  00000+0  91430-4 0  9999
2 56333  97.6547 248.2521 0002159 151.7879 208.3462 15.01261705 75442
STARLINK-5548           
1 56334U 23058T   24248.57304293 -.00001704  00000+0 -12807-3 0  9996
2 56334  97.6545 248.2465 0002453 176.7660 183.3580 15.01265377 75442
STARLINK-5559           
1 56335U 23058U   24248.56403108  .00000508  00000+0  44128-4 0  9992
2 56335  97.6568 248.2627 0001199 112.4155 247.7196 15.01261856 75446
STARLINK-5562           
1 56336U 23058V   24248.57489588  .00000542  00000+0  46816-4 0  9994
2 56336  97.6545 248.2442 0002160 183.5327 176.5882 15.01260633 75449
STARLINK-5561           
1 56337U 23058W   24248.56588256  .00001081  00000+0  88698-4 0  9999
2 56337  97.6553 248.2584 0001319 131.9201 228.2136 15.01263317 75448
STARLINK-5554           
1 56338U 23058X   24248.56749066  .00001064  00000+0  87452-4 0  9996
2 56338  97.6551 248.2552 0001658 142.6311 217.5028 15.01261861 75442
STARLINK-5552           
1 56339U 23058Y   24248.56008364  .00000987  00000+0  81398-4 0  9992
2 56339  97.6579 248.2732 0001226  86.9602 273.1762 15.01260994 75446
STARLINK-5540           
1 56340U 23058Z   24248.56563939  .00001186  00000+0  96875-4 0  9996
2 56340  97.6556 248.2590 0001790 117.5502 242.5904 15.01263071 75448
STARLINK-5543           
1 56341U 23058AA  24248.56378648  .00001357  00000+0  11024-3 0  9990
2 56341  97.6571 248.2636 0001029 119.2471 240.8857 15.01262853 75441
STARLINK-5955           
1 56342U 23058AB  24248.56193540  .00000678  00000+0  57358-4 0  9993
2 56342  97.6585 248.2677 0001160  98.1217 262.0139 15.01258973 75448
STARLINK-5976           
1 56343U 23058AC  24248.55453039  .00001661  00000+0  13388-3 0  9992
2 56343  97.6566 248.2866 0002014  89.6222 270.5233 15.01256122 75441
STARLINK-5974           
1 56344U 23058AD  24248.55823226  .00000931  00000+0  77057-4 0  9995
2 56344  97.6572 248.2777 0001437  97.9783 262.1604 15.01260443 75442
STARLINK-5979           
1 56345U 23058AE  24248.55267741  .00001089  00000+0  89328-4 0  9999
2 56345  97.6564 248.2904 0001985  91.1878 268.9574 15.01259862 75448
STARLINK-5837           
1 56346U 23058AF  24248.55638136  .00000811  00000+0  67757-4 0  9994
2 56346  97.6569 248.2824 0001786  91.3133 268.8296 15.01260013 75440
STARLINK-5829           
1 56347U 23058AG  24248.55082825  .00000831  00000+0  69281-4 0  9999
2 56347  97.6562 248.2938 0002094  90.6134 269.5330 15.01255770 75447
STARLINK-5888           
1 56348U 23058AH  24248.55847957 -.00000892  00000+0 -64901-4 0  9998
2 56348  97.6572 248.2780 0001676  85.0319 275.1096 15.01250237 75447
STARLINK-5887           
1 56349U 23058AJ  24248.54527301  .00000432  00000+0  38235-4 0  9995
2 56349  97.6555 248.3027 0003163  88.4465 271.7122 15.01259447 75440
STARLINK-5886           
1 56350U 23058AK  24248.54712185  .00000069  00000+0  99634-5 0  9990
2 56350  97.6554 248.3000 0002797  93.8095 266.3449 15.01261487 75442
STARLINK-5891           
1 56351U 23058AL  24248.54342722 -.00000966  00000+0 -70591-4 0  9995
2 56351  97.6534 248.3019 0004057  86.3140 273.8548 15.01257802 75449
STARLINK-5885           
1 56352U 23058AM  24248.54897538  .00000877  00000+0  72844-4 0  9998
2 56352  97.6555 248.2968 0002603  90.6778 269.4745 15.01258705 75448
STARLINK-5874           
1 56353U 23058AN  24248.53045725  .00000356  00000+0  32334-4 0  9993
2 56353  97.6540 248.3198 0003795  71.7253 288.4384 15.01260915 75446
STARLINK-5877           
1 56354U 23058AP  24248.55107178 -.00001249  00000+0 -92716-4 0  9991
2 56354  97.6565 248.2937 0001495 105.8888 254.2501 15.01246541 75443
STARLINK-5533           
1 56355U 23058AQ  24248.60451769  .00000376  00000+0  33845-4 0  9992
2 56355  97.6544 248.3778 0004065  79.9807 280.1876 15.01263567 75454
STARLINK-5535           
1 56356U 23058AR  24248.53971847  .00000649  00000+0  55148-4 0  9992
2 56356  97.6544 248.3099 0003979  82.4407 277.7269 15.01261715 75449
STARLINK-5538           
1 56357U 23058AS  24248.53811020  .00000482  00000+0  42090-4 0  9996
2 56357  97.6542 248.3116 0004100  74.5464 285.6213 15.01262309 75447
STARLINK-5482           
1 56358U 23058AT  24248.60822167  .00001167  00000+0  95450-4 0  9998
2 56358  97.6547 248.3739 0002987  88.4399 271.7168 15.01259342 75455
STARLINK-5551           
1 56359U 23058AU  24248.53625332 -.00003462  00000+0 -26488-3 0  9992
2 56359  97.6545 248.3140 0004253  74.3542 285.8151 15.01281660 75447
STARLINK-5549           
1 56360U 23058AV  24248.60266833  .00001056  00000+0  86766-4 0  9990
2 56360  97.6542 248.3800 0004804  76.5380 283.6379 15.01258809 75453
STARLINK-5550           
1 56361U 23058AW  24248.60081886  .00002167  00000+0  17312-3 0  9998
2 56361  97.6531 248.3826 0004889  76.0358 284.1410 15.01276540 75457
STARLINK-5972           
1 56362U 23058AX  24248.59896394  .00000292  00000+0  27344-4 0  9999
2 56362  97.6540 248.3840 0005295  66.0527 294.1252 15.01260909 75450
