STARLINK-3096           
1 49131U 21082B   24248.32203082 -.00003612  00000+0 -29489-3 0  9999
2 49131  70.0000 204.6404 0002830 272.7467  87.3368 14.98353513164373
STARLINK-3090           
1 49132U 21082C   24248.42698425  .00000427  00000+0  43562-4 0  9998
2 49132  69.9992 244.4048 0002994 270.2116  89.8700 14.98330081163407
STARLINK-3077           
1 49133U 21082D   24248.41847218  .00003603  00000+0  30966-3 0  9996
2 49133  69.9988 244.4042 0003030 269.8391  90.2421 14.98326592163406
STARLINK-3078           
1 49134U 21082E   24248.41429755  .00001100  00000+0  99942-4 0  9999
2 49134  69.9986 244.4185 0003043 267.9899  92.0911 14.98334044164607
STARLINK-3073           
1 49135U 21082F   24248.25110042 -.00003106  00000+0 -25248-3 0  9995
2 49135  69.9996 204.8099 0002921 271.9186  88.1638 14.98350421164374
STARLINK-3084           
1 49136U 21082G   24248.38068468  .00000765  00000+0  71928-4 0  9997
2 49136  69.9994 224.4950 0002854 267.8995  92.1837 14.98334859163905
STARLINK-3055           
1 49137U 21082H   24248.37651298  .00000650  00000+0  62262-4 0  9990
2 49137  69.9993 224.5086 0002852 265.0882  94.9951 14.98335569163893
STARLINK-3058           
1 49138U 21082J   24248.41012516  .00000767  00000+0  72047-4 0  9991
2 49138  69.9994 244.4308 0003037 270.1923  89.8888 14.98334747163408
STARLINK-3057           
1 49139U 21082K   24248.24276187  .00000181  00000+0  22938-4 0  9993
2 49139  69.9997 204.8364 0002903 268.8142  91.2684 14.98331681164363
STARLINK-3118           
1 49140U 21082L   24248.58334491  .00345392  00000+0  13639-2 0  9997
2 49140  69.9927 166.2015 0009738 209.5838 261.8745 15.85711914  6051
STARLINK-3093           
1 49141U 21082M   24248.40595324  .00001142  00000+0  10344-3 0  9996
2 49141  69.9989 244.4448 0003157 269.5212  90.5586 14.98334016164603
STARLINK-3042           
1 49142U 21082N   24248.29700272  .00000591  00000+0  57335-4 0  9993
2 49142  69.9998 204.7093 0002864 268.0094  92.0737 14.98337857164370
STARLINK-3109           
1 49143U 21082P   24248.37234192  .00000696  00000+0  66095-4 0  9995
2 49143  69.9990 224.5228 0002911 270.2158  89.8667 14.98332632165005
STARLINK-3100           
1 49144U 21082Q   24248.39760546  .00000411  00000+0  42273-4 0  9992
2 49144  69.9991 244.4457 0003001 268.3567  91.7248 14.98333805163407
STARLINK-3119           
1 49145U 21082R   24248.28031324  .00000744  00000+0  70156-4 0  9996
2 49145  70.0001 204.7395 0003043 271.9620  88.1191 14.98332227164369
STARLINK-3116           
1 49146U 21082S   24248.36816861  .00001090  00000+0  99112-4 0  9991
2 49146  69.9988 224.5370 0003118 266.8201  93.2601 14.98333120165047
STARLINK-3071           
1 49147U 21082T   24248.22607143  .00000830  00000+0  77329-4 0  9995
2 49147  69.9993 204.8928 0002953 267.7399  92.3422 14.98334213164367
STARLINK-3048           
1 49148U 21082U   24248.35982332  .00000523  00000+0  51598-4 0  9995
2 49148  69.9990 224.5364 0002811 266.4421  93.6417 14.98332010163880
STARLINK-3053           
1 49149U 21082V   24248.39343673  .00000539  00000+0  52926-4 0  9992
2 49149  69.9991 244.4603 0002983 270.6679  89.4138 14.98329806164592
STARLINK-3104           
1 49150U 21082W   24248.38926427  .00000470  00000+0  47169-4 0  9994
2 49150  69.9991 244.4746 0003013 269.4502  90.6311 14.98330625164596
STARLINK-3102           
1 49151U 21082X   24248.27197069  .00000255  00000+0  29174-4 0  9992
2 49151  70.0000 204.7687 0002930 272.5893  87.4931 14.98330918165564
STARLINK-3081           
1 49152U 21082Y   24248.24694207 -.00000657  00000+0 -47307-4 0  9992
2 49152  69.9996 204.8232 0002950 270.9833  89.0988 14.98322401165480
STARLINK-3072           
1 49153U 21082Z   24248.26362466  .00000442  00000+0  44822-4 0  9993
2 49153  70.0001 204.7962 0002587 262.2303  97.8562 14.98330863165578
STARLINK-3068           
1 49154U 21082AA  24248.35564989  .00001371  00000+0  12267-3 0  9997
2 49154  69.9989 224.5511 0002781 270.0840  90.0001 14.98335459164961
STARLINK-3060           
1 49155U 21082AB  24248.25945135  .00000651  00000+0  62343-4 0  9994
2 49155  70.0000 204.8106 0002746 268.6780  91.4064 14.98333792165443
STARLINK-3085           
1 49156U 21082AC  24248.23858833  .00000614  00000+0  59285-4 0  9991
2 49156  69.9996 204.8499 0002944 268.7323  91.3499 14.98332828165444
STARLINK-3051           
1 49157U 21082AD  24248.35147737  .00000776  00000+0  72814-4 0  9991
2 49157  69.9992 224.5633 0003021 269.1824  90.8989 14.98333943164983
STARLINK-3083           
1 49158U 21082AE  24248.33533139  .00019486  00000+0  10079-2 0  9996
2 49158  69.9925 208.8835 0002899 297.1784  62.9088 15.16253095165371
STARLINK-3056           
1 49159U 21082AF  24248.38508949  .00000899  00000+0  83125-4 0  9995
2 49159  69.9993 244.4889 0002927 267.5355  92.5469 14.98333657164495
STARLINK-3095           
1 49160U 21082AG  24248.37257256  .00000700  00000+0  66486-4 0  9990
2 49160  69.9992 244.5032 0002946 268.9389  91.1433 14.98331901164463
STARLINK-3080           
1 49161U 21082AH  24248.37674868  .00000036  00000+0  10802-4 0  9996
2 49161  69.9992 244.4889 0002881 272.1051  87.9778 14.98336013164479
STARLINK-3082           
1 49162U 21082AJ  24248.58334491 -.00033036  00000+0 -19567-2 0  9998
2 49162  70.0001 243.8332 0003531 270.8711 296.4602 15.11361046  5669
STARLINK-3088           
1 49163U 21082AK  24248.27637343  .00001018  00000+0  93115-4 0  9993
2 49163  69.9992 224.7603 0002990 268.4098  91.6718 14.98334640165039
STARLINK-3106           
1 49164U 21082AL  24248.33479163  .00000171  00000+0  22126-4 0  9998
2 49164  69.9994 224.6206 0002881 267.8991  92.1838 14.98328357165053
STARLINK-3052           
1 49165U 21082AM  24248.43515889  .00000858  00000+0  79715-4 0  9994
2 49165  69.9992 244.3775 0002891 268.3399  91.7429 14.98337035164605
STARLINK-3089           
1 49166U 21082AN  24248.33896541  .00000517  00000+0  51107-4 0  9998
2 49166  69.9995 224.6065 0002881 268.4638  91.6191 14.98328636165083
STARLINK-3054           
1 49167U 21082AP  24248.42681624  .00000402  00000+0  41515-4 0  9998
2 49167  69.9990 244.3762 0003005 270.0180  90.0634 14.98331142164600
STARLINK-3101           
1 49168U 21082AQ  24248.32227129  .00000575  00000+0  55964-4 0  9998
2 49168  69.9993 224.6347 0002899 268.4821  91.6006 14.98331308165084
STARLINK-3046           
1 49169U 21082AR  24248.33061681  .00000550  00000+0  53870-4 0  9996
2 49169  69.9994 224.6346 0002913 268.9108  91.1717 14.98331845163881
STARLINK-3074           
1 49170U 21082AS  24248.40178045  .00000594  00000+0  57588-4 0  9997
2 49170  69.9990 244.4436 0003093 270.2555  89.8250 14.98330908163404
STARLINK-3107           
1 49171U 21082AT  24248.42264233  .00000979  00000+0  89801-4 0  9995
2 49171  69.9989 244.4022 0003002 268.9405  91.1410 14.98334611164569
STARLINK-3091           
1 49172U 21082AU  24248.36399841  .00000504  00000+0  50011-4 0  9998
2 49172  69.9993 224.5336 0002909 269.0320  91.0506 14.98329314163888
STARLINK-3045           
1 49173U 21082AV  24248.31810065 -.00000583  00000+0 -41050-4 0  9992
2 49173  69.9997 224.6493 0002754 265.8114  94.2731 14.98329666163886
STARLINK-3047           
1 49174U 21082AW  24248.32528930  .00050504  00000+0  31925-2 0  9995
2 49174  69.9954 217.3781 0004418 253.3268 106.7411 15.08756010165234
STARLINK-3087           
1 49175U 21082AX  24248.34731127 -.00000625  00000+0 -44568-4 0  9992
2 49175  69.9995 224.5910 0002932 269.0382  91.0441 14.98337677163884
STARLINK-3069           
1 49176U 21082AY  24248.33455375 -.00003714  00000+0 -30354-3 0  9999
2 49176  69.9995 204.6141 0002823 269.5556  90.5280 14.98338936164376
STARLINK-3103           
1 49177U 21082AZ  24248.28865653  .00000290  00000+0  32099-4 0  9991
2 49177  69.9993 204.7394 0003007 268.7568  91.3247 14.98337658165569
STARLINK-3086           
1 49178U 21082BA  24248.38092038  .00000141  00000+0  19620-4 0  9992
2 49178  69.9995 244.4861 0002827 268.8370  91.2465 14.98328337164556
STARLINK-3043           
1 49179U 21082BB  24248.27614066  .00000452  00000+0  45636-4 0  9993
2 49179  69.9997 204.7535 0002875 267.9481  92.1349 14.98331941164367
STARLINK-3050           
1 49180U 21082BC  24248.32644437  .00000442  00000+0  44870-4 0  9994
2 49180  69.9994 224.6329 0002755 268.5028  91.5815 14.98331310165057
STARLINK-3059           
1 49181U 21082BD  24248.43098720  .00001131  00000+0  10252-3 0  9997
2 49181  69.9989 244.3756 0003006 266.3008  93.7807 14.98336051164599
STARLINK-5301           
1 55270U 23010B   24248.59708536  .00000632  00000+0  60748-4 0  9997
2 55270  70.0022 354.1197 0002758 266.7047  93.3797 14.98336971 90239
STARLINK-5306           
1 55271U 23010C   24248.58874624  .00000957  00000+0  88009-4 0  9999
2 55271  70.0021 354.0860 0002858 269.1097  90.9734 14.98329476 90234
STARLINK-5310           
1 55272U 23010D   24248.60139824  .00001115  00000+0  10120-3 0  9994
2 55272  70.0039 353.7393 0002788 264.5590  95.5251 14.98335753 90241
STARLINK-5291           
1 55273U 23010E   24248.61375335  .00004621  00000+0  39470-3 0  9999
2 55273  70.0031 353.7789 0002996 269.0502  91.0314 14.98342317 90242
STARLINK-5236           
1 55274U 23010F   24248.57599426  .00002791  00000+0  24152-3 0  9991
2 55274  70.0031 334.1761 0002771 271.1047  88.9795 14.98337523 90729
STARLINK-5260           
1 55275U 23010G   24248.56781247  .00000343  00000+0  36511-4 0  9999
2 55275  70.0018 334.1485 0002801 265.3497  94.7342 14.98329268 90726
STARLINK-5261           
1 55276U 23010H   24248.56764688  .00000407  00000+0  41873-4 0  9998
2 55276  70.0008 334.1452 0003098 267.1434  92.9371 14.98328366 90719
STARLINK-5299           
1 55277U 23010J   24248.57622399 -.00000299  00000+0 -17295-4 0  9994
2 55277  70.0016 354.0423 0002923 269.0385  91.0439 14.98327343 90236
STARLINK-5289           
1 55278U 23010K   24248.55951980  .00000960  00000+0  88249-4 0  9994
2 55278  70.0035 353.9862 0002933 266.6173  93.4651 14.98334058 90224
STARLINK-5323           
1 55279U 23010L   24248.57204010  .00001714  00000+0  15140-3 0  9999
2 55279  70.0018 354.0274 0002927 265.1685  94.9140 14.98335925 90234
STARLINK-5331           
1 55280U 23010M   24248.61809640  .00000869  00000+0  80622-4 0  9994
2 55280  70.0038 353.7857 0002764 271.1014  88.9828 14.98334347 90236
STARLINK-5298           
1 55281U 23010N   24248.56786856  .00005240  00000+0  44643-3 0  9992
2 55281  70.0038 354.0131 0002862 268.2720  91.8111 14.98343417 90221
STARLINK-5330           
1 55282U 23010P   24248.60974989  .00000925  00000+0  85299-4 0  9992
2 55282  70.0015 353.7556 0002921 265.1507  94.9319 14.98332773 90237
STARLINK-5317           
1 55283U 23010Q   24248.56369448  .00009134  00000+0  77200-3 0  9999
2 55283  70.0038 354.0004 0002887 267.9709  92.1119 14.98344924 90228
STARLINK-5337           
1 55284U 23010R   24248.60958616  .00000308  00000+0  33598-4 0  9993
2 55284  70.0028 353.7569 0002531 258.4177 101.6698 14.98328980 90233
STARLINK-5332           
1 55285U 23010S   24248.57991693  .00001424  00000+0  12712-3 0  9996
2 55285  69.9995 313.9054 0003194 271.1072  88.9721 14.98335855 92092
STARLINK-5338           
1 55286U 23010T   24248.55929633  .00001804  00000+0  15888-3 0  9999
2 55286  70.0018 334.1168 0002756 265.0696  95.0149 14.98336195 90718
STARLINK-5341           
1 55287U 23010U   24248.57592672  .00004054  00000+0  34719-3 0  9995
2 55287  70.0017 314.2085 0003077 273.9661  86.1147 14.98344489 91201
STARLINK-5311           
1 55288U 23010V   24248.61369635  .00004732  00000+0  40390-3 0  9997
2 55288  70.0036 333.9024 0002896 268.8037  91.2790 14.98346744 90725
STARLINK-5320           
1 55289U 23010W   24248.56347369 -.00000011  00000+0  68506-5 0  9990
2 55289  70.0016 334.1311 0002664 264.6777  95.4078 14.98329617 90718
STARLINK-5266           
1 55290U 23010X   24248.55512046  .00001758  00000+0  15507-3 0  9996
2 55290  70.0034 334.1014 0003007 266.5511  93.5304 14.98337535 90718
STARLINK-5327           
1 55291U 23010Y   24248.57181802  .00001494  00000+0  13293-3 0  9998
2 55291  70.0025 334.1573 0003064 270.9895  89.0913 14.98336756 90716
STARLINK-5325           
1 55292U 23010Z   24248.60934430  .00005879  00000+0  49968-3 0  9995
2 55292  70.0029 333.8867 0002960 266.5043  93.5778 14.98358878 90722
STARLINK-5287           
1 55293U 23010AA  24248.61353268  .00000998  00000+0  91413-4 0  9991
2 55293  70.0021 333.9045 0002734 267.5473  92.5373 14.98335036 90722
STARLINK-5286           
1 55294U 23010AB  24248.61792946  .00000866  00000+0  80360-4 0  9995
2 55294  70.0029 353.7845 0002871 268.3390  91.7440 14.98336342 90231
STARLINK-5293           
1 55295U 23010AC  24248.59291097  .00003420  00000+0  29416-3 0  9997
2 55295  70.0038 354.1025 0002775 260.4084  99.6761 14.98341105 90239
STARLINK-5285           
1 55296U 23010AD  24248.59683294  .00002647  00000+0  22959-3 0  9997
2 55296  70.0010 333.8422 0002935 270.6711  89.4112 14.98329800 91600
STARLINK-5284           
1 55297U 23010AE  24248.60518143  .00001218  00000+0  10985-3 0  9999
2 55297  70.0013 333.8717 0002938 266.3044  93.7779 14.98338582 90721
STARLINK-5272           
1 55298U 23010AF  24248.58334491  .01336113  00000+0  10622-1 0  9991
2 55298  70.0023 329.7694 0003306 279.8027  97.2248 15.68167194  5780
STARLINK-5270           
1 55299U 23010AG  24248.59266633  .00000350  00000+0  37161-4 0  9995
2 55299  70.0007 333.8301 0002843 264.0465  96.0370 14.98328105 91603
STARLINK-5308           
1 55300U 23010AH  24248.58848602  .00001290  00000+0  11586-3 0  9995
2 55300  70.0011 333.8149 0002875 265.1451  94.9379 14.98334518 90726
STARLINK-5321           
1 55302U 23010AK  24248.60100669  .00001458  00000+0  12996-3 0  9996
2 55302  70.0013 333.8542 0003403 267.2594  92.8175 14.98334889 90728
STARLINK-5322           
1 55303U 23010AL  24248.60540709  .00002074  00000+0  18148-3 0  9990
2 55303  70.0025 353.7415 0002470 260.9973  99.0907 14.98339258 90239
STARLINK-5318           
1 55304U 23010AM  24248.58431493  .00007219  00000+0  61187-3 0  9994
2 55304  70.0029 333.7996 0002905 267.7067  92.3760 14.98348265 90723
STARLINK-5316           
1 55305U 23010AN  24248.58016633  .00004878  00000+0  41616-3 0  9993
2 55305  70.0034 334.1906 0002881 262.8571  97.2260 14.98344702 90726
STARLINK-5295           
1 55306U 23010AP  24248.61747712 -.00000204  00000+0 -92931-5 0  9996
2 55306  70.0018 314.0413 0002528 270.3662  89.7207 14.98351442 91224
STARLINK-5288           
1 55307U 23010AQ  24248.55487955 -.00011793  00000+0 -98135-3 0  9995
2 55307  70.0020 314.2250 0003498 265.6186  94.4574 14.98361080 91212
STARLINK-5292           
1 55308U 23010AR  24248.60095150  .00004141  00000+0  35449-3 0  9990
2 55308  70.0011 313.9835 0002920 273.4423  86.6402 14.98344649 92090
STARLINK-5315           
1 55309U 23010AS  24248.61764714  .00001860  00000+0  16364-3 0  9991
2 55309  70.0015 314.0411 0003204 269.0672  91.0120 14.98338387 91223
STARLINK-5309           
1 55310U 23010AT  24248.60913479  .00004908  00000+0  41866-3 0  9997
2 55310  70.0012 314.0115 0002957 267.7930  92.2890 14.98345529 91222
STARLINK-5312           
1 55311U 23010AU  24248.61330717  .00003675  00000+0  31548-3 0  9993
2 55311  70.0014 314.0278 0003067 264.9302  95.1507 14.98346001 92099
STARLINK-5296           
1 55312U 23010AV  24248.58408404  .00008268  00000+0  69927-3 0  9994
2 55312  70.0013 313.8108 0003004 280.5826  79.4995 14.98363918 92096
STARLINK-5313           
1 55313U 23010AW  24248.60078642  .00004729  00000+0  40369-3 0  9992
2 55313  70.0014 313.9840 0003050 269.1748  90.9062 14.98345132 92090
STARLINK-5305           
1 55314U 23010AX  24248.60495984  .00000300  00000+0  32926-4 0  9997
2 55314  69.9996 313.9947 0003109 268.7782  91.3021 14.98335314 92094
STARLINK-4623           
1 55315U 23010AY  24248.61770734  .00000285  00000+0  31698-4 0  9995
2 55315  70.0016 333.9161 0003009 267.9355  92.1460 14.98331629 90715
STARLINK-5257           
1 55316U 23010AZ  24248.57574269  .00006331  00000+0  53773-3 0  9991
2 55316  70.0017 313.9093 0002773 267.8116  92.2726 14.98343564 92090
STARLINK-5265           
1 55317U 23010BA  24248.59661540  .00003932  00000+0  33706-3 0  9991
2 55317  70.0013 313.9956 0003009 269.1071  90.9743 14.98338989 92092
STARLINK-5180           
1 55318U 23010BB  24248.59242523  .00018852  00000+0  15815-2 0  9995
2 55318  70.0013 313.9534 0002946 274.2320  85.8502 14.98379433 92093
STARLINK-5196           
1 55319U 23010BC  24248.58826439  .00002298  00000+0  20025-3 0  9996
2 55319  70.0008 313.9385 0003237 270.3181  89.7607 14.98337828 92099
STARLINK-5077           
1 55391U 23014A   24248.55548440  .00000964  00000+0  90378-4 0  9997
2 55391  70.0022  13.9324 0002987 269.0550  91.0266 14.97526931 89504
STARLINK-5085           
1 55392U 23014B   24248.60123996  .00003503  00000+0  30112-3 0  9990
2 55392  70.0036 353.8417 0002718 262.8901  97.1949 14.98344219 90002
STARLINK-4786           
1 55393U 23014C   24248.61415863 -.00000286  00000+0 -16202-4 0  9991
2 55393  70.0020  13.7649 0002901 268.5337  91.5489 14.98327319 89518
STARLINK-5274           
1 55395U 23014E   24248.55557782  .00003658  00000+0  31420-3 0  9995
2 55395  70.0018  13.9385 0003436 265.5906  94.4860 14.98327262 89500
STARLINK-5283           
1 55396U 23014F   24248.61816247  .00000927  00000+0  85451-4 0  9997
2 55396  70.0023  13.7676 0002870 267.6427  92.4403 14.98333859 89511
STARLINK-5224           
1 55397U 23014G   24248.58039650  .00002996  00000+0  25866-3 0  9990
2 55397  70.0032 354.1537 0002742 260.0373 100.0477 14.98341508 89994
STARLINK-5275           
1 55398U 23014H   24248.56809864  .00001920  00000+0  16862-3 0  9993
2 55398  70.0022  13.9928 0003118 268.2007  91.8795 14.98335523 89507
STARLINK-5276           
1 55399U 23014J   24248.55974875  .00000499  00000+0  49631-4 0  9999
2 55399  70.0021  13.9639 0003052 268.3671  91.7139 14.98334303 89507
STARLINK-5632           
1 55400U 23014K   24248.57644590  .00002099  00000+0  18364-3 0  9998
2 55400  70.0023  14.0229 0003283 269.4288  90.6495 14.98333861 89502
STARLINK-5076           
1 55401U 23014L   24248.56392399  .00001637  00000+0  14489-3 0  9996
2 55401  70.0021  13.9790 0003094 269.6092  90.4713 14.98336433 89506
STARLINK-5071           
1 55402U 23014M   24248.58479560  .00001955  00000+0  17156-3 0  9992
2 55402  70.0024  14.0540 0003176 270.8144  89.2652 14.98336744 89501
STARLINK-5597           
1 55403U 23014N   24248.57227186  .00001321  00000+0  11850-3 0  9999
2 55403  70.0021  14.0083 0003095 270.4457  89.6347 14.98334318 89504
STARLINK-5607           
1 55404U 23014P   24248.59314455  .00002904  00000+0  25100-3 0  9999
2 55404  70.0036  14.0826 0003183 267.0821  92.9974 14.98335258 89508
STARLINK-5623           
1 55405U 23014Q   24248.58062107  .00001855  00000+0  16320-3 0  9991
2 55405  70.0034  14.0386 0003305 272.1265  87.9516 14.98336139 89508
STARLINK-5630           
1 55406U 23014R   24248.59731661  .00000207  00000+0  25128-4 0  9998
2 55406  70.0023  14.0987 0003205 274.2787  85.8006 14.98338043 89502
STARLINK-5019           
1 55407U 23014S   24248.58898511  .00004965  00000+0  42398-3 0  9998
2 55407  70.0027  14.0699 0003105 264.9131  95.1673 14.98298996 89501
STARLINK-5092           
1 55408U 23014T   24248.60148759 -.00000012  00000+0  67492-5 0  9998
2 55408  70.0026  14.1137 0002990 259.2709 100.8114 14.98341229 89500
STARLINK-5047           
1 55409U 23014U   24248.59748446  .00000675  00000+0  64392-4 0  9995
2 55409  70.0021  14.0969 0003104 275.5772  84.5033 14.98333341 89501
STARLINK-5633           
1 55410U 23014V   24248.56832225  .00001664  00000+0  14722-3 0  9993
2 55410  70.0008  33.8641 0003354 267.9022  92.1753 14.98328806 89014
STARLINK-5605           
1 55411U 23014W   24248.60566509  .00000721  00000+0  68213-4 0  9996
2 55411  70.0021  14.1269 0003069 266.8649  93.2159 14.98338143 89505
STARLINK-5033           
1 55412U 23014X   24248.57683625 -.00000294  00000+0 -16866-4 0  9996
2 55412  70.0020  33.8948 0002994 271.8435  88.2381 14.98328021 89013
STARLINK-5060           
1 55413U 23014Y   24248.56415996  .00007882  00000+0  66745-3 0  9998
2 55413  70.0019  33.8480 0002922 263.3996  96.6830 14.98342578 89017
STARLINK-5620           
1 55414U 23014Z   24248.58084345  .00000805  00000+0  75277-4 0  9990
2 55414  70.0017  33.9090 0003078 273.8855  86.1952 14.98334768 89018
STARLINK-5618           
1 55415U 23014AA  24248.56431177  .00002604  00000+0  22592-3 0  9998
2 55415  70.0024  33.8487 0003341 271.3606  88.7171 14.98337650 89010
STARLINK-5624           
1 55416U 23014AB  24248.58919149  .00000085  00000+0  14917-4 0  9995
2 55416  70.0010  33.9364 0003062 266.7699  93.3110 14.98333733 89014
STARLINK-5616           
1 55417U 23014AC  24248.57666695  .00001061  00000+0  96706-4 0  9991
2 55417  70.0012  33.8943 0003244 268.7239  91.3549 14.98336739 89016
STARLINK-5030           
1 55418U 23014AD  24248.59754128  .00000072  00000+0  13795-4 0  9991
2 55418  70.0003  33.9639 0003229 268.7695  91.3094 14.98327935 89012
STARLINK-5629           
1 55419U 23014AE  24248.58501784  .00000606  00000+0  58567-4 0  9998
2 55419  70.0012  33.9227 0003117 272.0522  88.0280 14.98333789 89013
STARLINK-5604           
1 55420U 23014AF  24248.55535171  .00002172  00000+0  18976-3 0  9993
2 55420  70.0020 354.0902 0002954 270.0254  90.0566 14.98339582 89993
STARLINK-5598           
1 55421U 23014AG  24248.59336559  .00000461  00000+0  46426-4 0  9998
2 55421  70.0010  33.9505 0003060 264.9627  95.1183 14.98332588 89013
STARLINK-5006           
1 55422U 23014AH  24248.57249324  .00002406  00000+0  20929-3 0  9990
2 55422  70.0023  33.8744 0003191 267.6959  92.3835 14.98339677 89014
STARLINK-5068           
1 55423U 23014AJ  24248.61006263  .00001403  00000+0  12531-3 0  9995
2 55423  70.0008  34.0072 0003182 267.3412  92.7382 14.98333641 89012
STARLINK-5615           
1 55425U 23014AL  24248.60171452  .00000674  00000+0  64241-4 0  9994
2 55425  70.0009  33.9799 0003059 268.3445  91.7364 14.98333647 89014
STARLINK-5638           
1 55426U 23014AM  24248.61841101  .00001006  00000+0  92062-4 0  9993
2 55426  70.0011  34.0396 0003088 269.1781  90.9024 14.98334661 89018
STARLINK-5073           
1 55427U 23014AN  24248.60588794  .00002051  00000+0  17961-3 0  9994
2 55427  70.0013  33.9934 0003471 273.8604  86.2158 14.98336483 89019
STARLINK-5064           
1 55428U 23014AP  24248.55999990  .00002635  00000+0  22852-3 0  9996
2 55428  70.0024  34.2378 0003114 270.0964  89.9839 14.98338098 89009
STARLINK-5645           
1 55429U 23014AQ  24248.61424485  .00002368  00000+0  20627-3 0  9997
2 55429  70.0006  34.0241 0003111 268.3984  91.6819 14.98315344 89014
STARLINK-5642           
1 55430U 23014AR  24248.60611269  .00001410  00000+0  12596-3 0  9999
2 55430  69.9997  53.8549 0003164 268.4820  91.5976 14.98332402 88522
STARLINK-5643           
1 55431U 23014AS  24248.62258428  .00001535  00000+0  13637-3 0  9991
2 55431  70.0011  34.0558 0003131 267.8974  92.1826 14.98339001 89019
STARLINK-5637           
1 55432U 23014AT  24248.61462585  .00001199  00000+0  10827-3 0  9996
2 55432  69.9998  53.8854 0003160 268.1678  91.9119 14.98331327 88526
STARLINK-5570           
1 55433U 23014AU  24248.60193953  .00000654  00000+0  62585-4 0  9990
2 55433  70.0001  53.8407 0003016 267.3844  92.6970 14.98330921 88527
STARLINK-5621           
1 55434U 23014AV  24248.62280970  .00001170  00000+0  10585-3 0  9995
2 55434  69.9999  53.9143 0003140 269.2286  90.8514 14.98330984 88521
STARLINK-5626           
1 55435U 23014AW  24248.61446054  .00001253  00000+0  11278-3 0  9994
2 55435  70.0001  53.8867 0003128 269.7107  90.3693 14.98332149 88522
STARLINK-5640           
1 55436U 23014AX  24248.56022188  .00001200  00000+0  10837-3 0  9999
2 55436  69.9999  54.0970 0003476 268.5955  91.4806 14.98333019 88512
STARLINK-5080           
1 55437U 23014AY  24248.58186177  .00389934  00000+0  74831-2 0  9997
2 55437  69.9843  21.5842 0008355 297.5136  62.5198 15.46351635 89323
STARLINK-5074           
1 55438U 23014AZ  24248.60981449  .00000311  00000+0  33829-4 0  9999
2 55438  70.0022  13.7524 0003060 264.6731  95.4079 14.98331664 89510
STARLINK-5634           
1 55439U 23014BA  24248.56439486  .00001303  00000+0  11695-3 0  9992
2 55439  70.0000  54.1136 0003124 268.9616  91.1185 14.98336025 88511
STARLINK-5484           
1 55628U 23021A   24248.16917296  .00004013  00000+0  34389-3 0  9992
2 55628  70.0025 155.1237 0002731 271.2873  88.7974 14.98331239 85682
STARLINK-5497           
1 55629U 23021B   24248.17334476  .00001044  00000+0  95297-4 0  9994
2 55629  70.0011 155.1406 0002637 263.4736  96.6123 14.98331763 85688
STARLINK-5303           
1 55630U 23021C   24248.16499458  .00001739  00000+0  15346-3 0  9994
2 55630  70.0009 155.1085 0002897 272.4846  87.5982 14.98331400 85680
STARLINK-5558           
1 55631U 23021D   24248.13995304  .00000577  00000+0  56153-4 0  9994
2 55631  70.0008 155.0189 0002547 269.4149  90.6718 14.98330219 85687
STARLINK-5546           
1 55632U 23021E   24248.15664911  .00001537  00000+0  13657-3 0  9992
2 55632  70.0013 155.0772 0002444 258.6753 101.4132 14.98330265 85681
STARLINK-5498           
1 55633U 23021F   24248.15247419  .00001486  00000+0  13231-3 0  9994
2 55633  70.0009 155.0626 0002800 266.6495  93.4344 14.98327863 85688
STARLINK-5500           
1 55634U 23021G   24248.15681332  .00002812  00000+0  24335-3 0  9992
2 55634  70.0003 155.0790 0002588 264.0578  96.0286 14.98333380 85687
STARLINK-5495           
1 55635U 23021H   24248.13555618  .00001606  00000+0  14232-3 0  9993
2 55635  70.0002 135.1387 0002650 259.5326 100.5534 14.98330846 86174
STARLINK-5218           
1 55636U 23021J   24248.14412818  .00000060  00000+0  12804-4 0  9996
2 55636  70.0008 155.0351 0002643 272.1327  87.9529 14.98329022 85688
STARLINK-5062           
1 55637U 23021K   24248.61957552 -.00000118  00000+0 -21341-5 0  9991
2 55637  69.9994 134.0149 0002909 269.2835  90.7990 14.98326976 86240
STARLINK-5507           
1 55638U 23021L   24248.14829475  .00001776  00000+0  15661-3 0  9997
2 55638  69.9997 155.0489 0002782 274.2221  85.8620 14.98337842 85684
STARLINK-5508           
1 55639U 23021M   24248.13154527  .00001045  00000+0  95318-4 0  9993
2 55639  70.0006 135.1214 0002677 267.3059  92.7794 14.98330016 86179
STARLINK-5069           
1 55640U 23021N   24248.12720417  .00002146  00000+0  18758-3 0  9996
2 55640  70.0001 135.1038 0002512 264.5952  95.4920 14.98334037 86177
STARLINK-5065           
1 55641U 23021P   24248.13572084  .00000826  00000+0  77049-4 0  9995
2 55641  70.0003 135.1361 0002475 260.6117  99.4762 14.98328430 86175
STARLINK-5483           
1 55643U 23021R   24248.09801240  .00001167  00000+0  10556-3 0  9999
2 55643  70.0000 135.3992 0003021 266.7944  93.2870 14.98329295 86160
STARLINK-5502           
1 55644U 23021S   24248.14390082  .00001293  00000+0  11612-3 0  9997
2 55644  70.0003 135.1651 0002627 263.8791  96.2069 14.98331474 86179
STARLINK-5104           
1 55646U 23021U   24248.08966831  .00000453  00000+0  45738-4 0  9997
2 55646  70.0013 135.3773 0003028 274.5967  85.4846 14.98328811 86162
STARLINK-5510           
1 55647U 23021V   24248.11051173  .00000311  00000+0  33844-4 0  9994
2 55647  70.0007 135.0452 0002916 271.5675  88.5150 14.98326454 86179
STARLINK-5501           
1 55648U 23021W   24248.13972422  .00005976  00000+0  50798-3 0  9994
2 55648  70.0016 135.1507 0002793 262.8693  97.2148 14.98346215 86179
STARLINK-5469           
1 55649U 23021X   24248.11885915  .00001335  00000+0  11966-3 0  9992
2 55649  70.0013 135.0764 0002854 270.5390  89.5442 14.98328049 86175
STARLINK-5494           
1 55650U 23021Y   24248.13137977  .00001202  00000+0  10853-3 0  9991
2 55650  70.0007 135.1202 0002570 267.6672  92.4193 14.98328545 86170
STARLINK-5506           
1 55651U 23021Z   24248.14807780  .00000740  00000+0  69798-4 0  9998
2 55651  70.0004 135.1800 0002566 258.1579 101.9292 14.98327896 86172
STARLINK-5487           
1 55652U 23021AA  24248.12303175  .00000667  00000+0  63681-4 0  9999
2 55652  70.0002 135.0906 0002834 268.4504  91.6331 14.98334064 86171
STARLINK-5067           
1 55653U 23021AB  24248.10633438  .00000935  00000+0  86115-4 0  9991
2 55653  69.9999 135.0300 0002883 264.6967  95.3863 14.98329639 86170
STARLINK-5070           
1 55654U 23021AC  24248.09384069  .00000783  00000+0  73367-4 0  9999
2 55654  70.0002 135.3901 0002983 269.9666  90.1151 14.98330740 86161
STARLINK-5267           
1 55655U 23021AD  24248.59847704  .00000217  00000+0  25994-4 0  9990
2 55655  69.9993 114.0675 0002804 271.5186  88.5652 14.98331612 86737
STARLINK-5326           
1 55656U 23021AE  24248.10649964  .00001747  00000+0  15418-3 0  9994
2 55656  70.0000 135.0295 0002922 268.6867  91.3957 14.98329926 86178
STARLINK-5328           
1 55657U 23021AF  24248.07274418  .00001866  00000+0  16409-3 0  9992
2 55657  69.9997 115.4427 0002821 270.5909  89.4927 14.98332209 86653
STARLINK-5307           
1 55658U 23021AG  24248.11468429  .00001665  00000+0  14730-3 0  9997
2 55658  70.0001 135.0598 0002770 270.1418  89.9423 14.98327813 86172
STARLINK-5477           
1 55659U 23021AH  24248.60265858  .00011622  00000+0  98038-3 0  9990
2 55659  70.0006 114.0829 0002766 266.8980  93.1863 14.98323994 86736
STARLINK-5467           
1 55660U 23021AJ  24248.01848036  .00000419  00000+0  42946-4 0  9992
2 55660  69.9994 115.2613 0002902 267.3585  92.7242 14.98329649 86654
STARLINK-5475           
1 55661U 23021AK  24248.58595421  .00000289  00000+0  32029-4 0  9998
2 55661  69.9988 114.0212 0002924 269.0285  91.0539 14.98332794 86735
STARLINK-5479           
1 55662U 23021AL  24248.61099917  .00001669  00000+0  14763-3 0  9999
2 55662  69.9994 114.1225 0002729 268.4426  91.6421 14.98337184 86735
STARLINK-5473           
1 55663U 23021AM  24248.04352735 -.00000892  00000+0 -66989-4 0  9994
2 55663  69.9988 115.3383 0002763 269.4058  90.6785 14.98338770 86652
STARLINK-5480           
1 55664U 23021AN  24248.59430006 -.00001732  00000+0 -13733-3 0  9995
2 55664  69.9990 114.0518 0002793 272.1183  87.9656 14.98346035 86733
STARLINK-5474           
1 55665U 23021AP  24248.03935139  .00001103  00000+0  10019-3 0  9996
2 55665  69.9984 115.3245 0003051 268.8996  91.1814 14.98329865 86656
STARLINK-5456           
1 55667U 23021AR  24248.03534008  .00001248  00000+0  11236-3 0  9990
2 55667  69.9990 115.3101 0002929 265.9666  94.1158 14.98334313 86659
STARLINK-5455           
1 55668U 23021AS  24248.05604630  .00001422  00000+0  12697-3 0  9998
2 55668  69.9991 115.3835 0003000 269.4595  90.6220 14.98333887 86652
STARLINK-5459           
1 55669U 23021AT  24248.04769843  .00000865  00000+0  80322-4 0  9997
2 55669  69.9985 115.3527 0003098 269.0195  91.0609 14.98330691 86659
STARLINK-5423           
1 55670U 23021AU  24248.03517615  .00001176  00000+0  10636-3 0  9992
2 55670  69.9990 115.3093 0002932 267.0341  93.0482 14.98331696 86659
STARLINK-5460           
1 55671U 23021AV  24248.61533858 -.00000249  00000+0 -13054-4 0  9994
2 55671  69.9986 114.1143 0003096 268.9439  91.1365 14.98333284 86731
STARLINK-5463           
1 55673U 23021AX  24248.43156264  .00000258  00000+0  29373-4 0  9997
2 55673  69.9989 114.2838 0002852 267.9310  92.1522 14.98333591 86719
STARLINK-5462           
1 55674U 23021AY  24248.02265595  .00000349  00000+0  37070-4 0  9995
2 55674  69.9997 115.2662 0002727 262.9257  97.1592 14.98329845 86653
STARLINK-5232           
1 55675U 23021AZ  24248.01430636  .00002808  00000+0  24298-3 0  9994
2 55675  69.9992 115.2392 0002935 272.2858  87.7964 14.98334071 86656
STARLINK-5300           
1 55676U 23021BA  24248.57320707  .00000774  00000+0  72614-4 0  9999
2 55676  69.9993  94.1058 0002914 268.4550  91.6275 14.98333422 87227
STARLINK-5324           
1 55677U 23021BB  24248.61909423  .00001395  00000+0  12464-3 0  9999
2 55677  69.9992  93.8613 0003095 269.3254  90.7550 14.98337547 87231
STARLINK-5314           
1 55678U 23021BC  24248.42738963  .00001291  00000+0  11599-3 0  9991
2 55678  69.9996 114.2701 0002867 266.9663  93.1168 14.98333136 86719
STARLINK-5594           
1 55742U 23028B   24248.23221875 -.00002908  00000+0 -23587-3 0  9996
2 55742  70.0006 195.0193 0002623 268.8579  91.2279 14.98350139 83435
STARLINK-5602           
1 55743U 23028C   24248.23640028  .00000882  00000+0  81678-4 0  9995
2 55743  70.0011 195.0338 0002383 261.9253  98.1636 14.98332581 83433
STARLINK-5601           
1 55744U 23028D   24248.23238805  .00000405  00000+0  41747-4 0  9996
2 55744  70.0003 195.0201 0002825 263.6796  96.4042 14.98333565 83431
STARLINK-5565           
1 55745U 23028E   24248.25564668  .00000735  00000+0  68001-4 0  9996
2 55745  70.0001 194.7039 0002946 265.0948  94.9875 14.99146136 83449
STARLINK-5579           
1 55746U 23028F   24248.26976390  .00000514  00000+0  50824-4 0  9996
2 55746  69.9999 194.7463 0002817 264.2361  95.8477 14.98334585 83445
STARLINK-5539           
1 55747U 23028G   24248.28645818  .00001043  00000+0  95167-4 0  9994
2 55747  70.0005 194.8046 0002811 269.3447  90.7390 14.98333608 83443
STARLINK-5580           
1 55748U 23028H   24248.21553038  .00000350  00000+0  37121-4 0  9996
2 55748  70.0012 194.9609 0002779 268.0866  91.9975 14.98325571 83433
STARLINK-5560           
1 55749U 23028J   24248.27393591  .00000990  00000+0  90755-4 0  9991
2 55749  70.0000 194.7603 0002883 267.7761  92.3068 14.98337354 83440
STARLINK-5573           
1 55750U 23028K   24248.27811106 -.00000145  00000+0 -43879-5 0  9990
2 55750  70.0006 194.7751 0002826 271.9736  88.1099 14.98335904 83444
STARLINK-5577           
1 55751U 23028L   24248.22387467  .00000962  00000+0  88398-4 0  9993
2 55751  70.0008 194.9873 0002767 271.6271  88.4571 14.98335036 83432
STARLINK-5613           
1 55752U 23028M   24248.25306470  .00000521  00000+0  51484-4 0  9999
2 55752  70.0003 194.6890 0002827 267.6675  92.4161 14.98338105 83445
STARLINK-5617           
1 55753U 23028N   24248.26992247 -.00001280  00000+0 -99488-4 0  9995
2 55753  70.0001 194.7472 0002998 267.4633  92.6183 14.98343555 83443
STARLINK-5612           
1 55754U 23028P   24248.26141454  .00001160  00000+0  10495-3 0  9997
2 55754  70.0003 194.7182 0002681 267.9065  92.1787 14.98336870 83444
STARLINK-5619           
1 55755U 23028Q   24248.24905737  .00000535  00000+0  52645-4 0  9997
2 55755  70.0005 194.6671 0002443 271.0475  89.0404 14.98335894 83442
STARLINK-5614           
1 55756U 23028R   24248.24472172 -.00000440  00000+0 -29075-4 0  9998
2 55756  70.0006 194.6591 0002796 265.0014  95.0826 14.98330660 83449
STARLINK-5544           
1 55757U 23028S   24248.26558631  .00000952  00000+0  87527-4 0  9998
2 55757  69.9999 194.7312 0003056 269.6215  90.4594 14.98338770 83444
STARLINK-5072           
1 55758U 23028T   24248.25724620  .00002928  00000+0  25313-3 0  9990
2 55758  70.0004 194.7024 0002731 263.1081  96.9767 14.98317813 83442
STARLINK-5081           
1 55759U 23028U   24248.25701586 -.00005596  00000+0 -46118-3 0  9999
2 55759  70.0014 174.8692 0002688 254.9911 105.0951 14.98363954 83933
STARLINK-5532           
1 55760U 23028V   24248.24054362  .00000254  00000+0  29094-4 0  9992
2 55760  70.0004 194.6458 0002875 265.1935  94.8896 14.98333646 83446
STARLINK-5611           
1 55761U 23028W   24248.21964278  .00000519  00000+0  51294-4 0  9997
2 55761  70.0006 175.0943 0002783 264.6448  95.4394 14.98330484 83922
STARLINK-5603           
1 55762U 23028X   24248.20695466 -.00000055  00000+0  31960-5 0  9992
2 55762  70.0010 175.0491 0002553 267.8959  92.1908 14.98333609 83920
STARLINK-5593           
1 55763U 23028Y   24248.24889443  .00000264  00000+0  29954-4 0  9997
2 55763  70.0005 194.6749 0003118 270.1880  89.8922 14.98328516 83443
STARLINK-5499           
1 55764U 23028Z   24248.21113649 -.00000995  00000+0 -75630-4 0  9998
2 55764  70.0025 175.0639 0003771 262.9738  97.0993 14.98326616 83924
STARLINK-5595           
1 55765U 23028AA  24248.21530151  .00000391  00000+0  40565-4 0  9997
2 55765  70.0006 175.0778 0002837 266.8375  93.2459 14.98333845 83927
STARLINK-5599           
1 55766U 23028AB  24248.19459791  .00000108  00000+0  16857-4 0  9998
2 55766  70.0008 175.0053 0002722 270.2147  89.8700 14.98331268 83911
STARLINK-5606           
1 55767U 23028AC  24248.21947690  .00000340  00000+0  36241-4 0  9999
2 55767  70.0011 175.0926 0002812 266.8362  93.2476 14.98334412 83929
STARLINK-5583           
1 55768U 23028AD  24248.20277939  .00000095  00000+0  15779-4 0  9991
2 55768  70.0016 175.0339 0002342 264.5865  95.5027 14.98330812 83910
STARLINK-5584           
1 55769U 23028AE  24248.19860622 -.00002192  00000+0 -17598-3 0  9999
2 55769  70.0010 175.0197 0002677 271.6700  88.4152 14.98338463 83915
STARLINK-5557           
1 55770U 23028AF  24248.19442287  .00004865  00000+0  41525-3 0  9998
2 55770  70.0015 175.0026 0002444 273.5438  86.5441 14.98329365 83926
STARLINK-5591           
1 55771U 23028AG  24248.25284391  .00001145  00000+0  10371-3 0  9999
2 55771  70.0009 174.8085 0002092 255.0484 105.0444 14.98334721 83930
STARLINK-5835           
1 55772U 23028AH  24248.23631205  .00008278  00000+0  70050-3 0  9992
2 55772  70.0030 174.7492 0002798 277.0529  83.0312 14.98342932 83935
STARLINK-5833           
1 55773U 23028AJ  24248.25300776 -.00000079  00000+0  11478-5 0  9994
2 55773  70.0007 174.8097 0002627 257.7229 102.3636 14.98335863 83934
STARLINK-5812           
1 55774U 23028AK  24248.18191763 -.00000910  00000+0 -68472-4 0  9991
2 55774  70.0008 174.9629 0002797 265.0452  95.0388 14.98326034 83927
STARLINK-5809           
1 55775U 23028AL  24248.17773643 -.00000069  00000+0  20382-5 0  9997
2 55775  70.0011 174.9465 0002537 263.3606  96.7265 14.98332425 83927
STARLINK-5810           
1 55776U 23028AM  24248.22362548  .00001098  00000+0  99789-4 0  9990
2 55776  70.0009 174.7037 0002794 270.1917  89.8922 14.98331866 83936
STARLINK-5814           
1 55777U 23028AN  24248.23615558 -.00000598  00000+0 -42309-4 0  9996
2 55777  70.0013 174.7476 0002603 272.6236  87.4625 14.98321542 83933
STARLINK-5816           
1 55778U 23028AP  24248.23197388  .00001263  00000+0  11366-3 0  9999
2 55778  70.0009 174.7340 0002678 273.4751  86.6101 14.98329382 83932
STARLINK-5817           
1 55779U 23028AQ  24248.13577202  .00000842  00000+0  78354-4 0  9999
2 55779  70.0010 154.9222 0002606 264.9692  95.1170 14.98329767 84416
STARLINK-5819           
1 55780U 23028AR  24248.22779864  .00002067  00000+0  18094-3 0  9994
2 55780  70.0014 174.7188 0002545 267.8483  92.2385 14.98333030 83935
STARLINK-5820           
1 55781U 23028AS  24248.24032489  .00001073  00000+0  97736-4 0  9999
2 55781  70.0010 174.7966 0002471 271.2983  88.7893 14.98331617 83931
STARLINK-5826           
1 55782U 23028AT  24248.13178866  .00000706  00000+0  66988-4 0  9995
2 55782  70.0006 155.3160 0002555 262.8626  97.2243 14.98330503 84401
STARLINK-5825           
1 55783U 23028AU  24248.19838511  .00000703  00000+0  66692-4 0  9991
2 55783  70.0011 155.1445 0002423 257.2519 102.8369 14.98326231 84411
STARLINK-5797           
1 55784U 23028AV  24248.18185323  .00000561  00000+0  54831-4 0  9991
2 55784  70.0012 155.0888 0002579 256.6673 103.4199 14.98328491 84417
STARLINK-5818           
1 55785U 23028AW  24248.19421114 -.00000443  00000+0 -29299-4 0  9995
2 55785  70.0008 155.1308 0002560 267.0179  93.0687 14.98332699 84408
STARLINK-5823           
1 55786U 23028AX  24248.18168531  .00000724  00000+0  68421-4 0  9996
2 55786  70.0015 155.0887 0002510 263.3696  96.7177 14.98331921 84418
STARLINK-5811           
1 55787U 23028AY  24248.12327695  .00000556  00000+0  54360-4 0  9999
2 55787  70.0006 155.2841 0002696 263.8008  96.2843 14.98327709 84401
STARLINK-5804           
1 55788U 23028AZ  24248.18586220  .00001826  00000+0  16082-3 0  9996
2 55788  70.0009 155.1017 0002525 266.0071  94.0800 14.98327674 84416
STARLINK-5815           
1 55789U 23028BA  24248.16081360  .00000513  00000+0  50756-4 0  9999
2 55789  70.0009 155.0112 0003037 274.3928  85.6884 14.98333594 84410
STARLINK-5813           
1 55790U 23028BB  24248.16515773  .00001708  00000+0  15092-3 0  9991
2 55790  70.0013 155.0284 0002708 272.8267  87.2582 14.98325710 84414
STARLINK-5807           
1 55791U 23028BC  24248.17750333 -.00006038  00000+0 -49832-3 0  9998
2 55791  70.0007 155.0716 0001898 261.1512  98.9432 14.98361024 84412
STARLINK-5859           
1 55915U 23037B   24248.43737278 -.00005076  00000+0 -41787-3 0  9990
2 55915  69.9983 254.4087 0003097 267.8818  92.1987 14.98334284 81607
STARLINK-5796           
1 55916U 23037C   24248.44988817  .00000685  00000+0  65205-4 0  9990
2 55916  69.9987 254.4527 0003121 272.1221  87.9581 14.98333703 80916
STARLINK-5855           
1 55917U 23037D   24248.36853052  .00021708  00000+0  11047-2 0  9996
2 55917  69.9962 241.8541 0005209 251.9525 108.1076 15.16787408 81223
STARLINK-5867           
1 55918U 23037E   24248.44571342  .00000718  00000+0  67962-4 0  9992
2 55918  69.9984 254.4386 0003052 271.9247  88.1562 14.98334704 80910
STARLINK-5871           
1 55919U 23037F   24248.43752853  .00001176  00000+0  10632-3 0  9990
2 55919  69.9980 254.4091 0003142 266.0789  94.0011 14.98337771 80918
STARLINK-5862           
1 55920U 23037G   24248.37455548  .00000600  00000+0  58106-4 0  9996
2 55920  69.9991 234.7119 0002972 267.6878  92.3941 14.98334709 81394
STARLINK-5861           
1 55921U 23037H   24248.42067098  .00000160  00000+0  21200-4 0  9998
2 55921  69.9989 254.3500 0002951 266.7268  93.3554 14.98330935 80919
STARLINK-5863           
1 55922U 23037J   24248.42484208  .00002896  00000+0  25039-3 0  9996
2 55922  69.9985 254.3644 0003005 262.6160  97.4657 14.98331600 80911
STARLINK-5854           
1 55923U 23037K   24248.42901815  .00000269  00000+0  30327-4 0  9994
2 55923  69.9988 254.3795 0003129 271.0060  89.0741 14.98332133 80915
STARLINK-5849           
1 55924U 23037L   24248.37038139 -.00000024  00000+0  58023-5 0  9993
2 55924  69.9988 234.6963 0003108 268.1699  91.9104 14.98333638 81395
STARLINK-5922           
1 55925U 23037M   24248.41649551  .00000285  00000+0  31648-4 0  9996
2 55925  69.9989 254.3344 0002929 268.4476  91.6347 14.98330522 80917
STARLINK-5921           
1 55926U 23037N   24248.36203388  .00000566  00000+0  55255-4 0  9997
2 55926  69.9992 234.6689 0002897 268.3573  91.7254 14.98331000 81399
STARLINK-5919           
1 55927U 23037P   24248.40831125  .00000176  00000+0  22550-4 0  9998
2 55927  69.9991 254.3061 0003049 266.3691  93.7119 14.98334073 80913
STARLINK-5930           
1 55928U 23037Q   24248.47073319  .00000649  00000+0  62184-4 0  9991
2 55928  69.9992 254.1219 0003055 269.2925  90.7884 14.98332000 80922
STARLINK-5898           
1 55929U 23037R   24248.40814812  .00000155  00000+0  20806-4 0  9993
2 55929  69.9991 254.3046 0002972 266.6745  93.4074 14.98329274 80919
STARLINK-5896           
1 55930U 23037S   24248.39957240  .00000812  00000+0  75819-4 0  9990
2 55930  69.9989 234.4009 0002968 270.1011  89.9808 14.98335134 81409
STARLINK-5897           
1 55931U 23037T   24248.39979779  .00000086  00000+0  15027-4 0  9990
2 55931  69.9991 254.2759 0002946 269.8645  90.2177 14.98332370 80917
STARLINK-5848           
1 55932U 23037U   24248.22408827  .00000633  00000+0  60866-4 0  9993
2 55932  69.9994 214.7071 0002539 265.6639  94.4230 14.98334036 81877
STARLINK-5852           
1 55933U 23037V   24248.42462119  .00000217  00000+0  25973-4 0  9998
2 55933  69.9991 234.4871 0002853 268.0050  92.0782 14.98332785 81409
STARLINK-5927           
1 55934U 23037W   24248.39974221 -.00005892  00000+0 -48623-3 0  9999
2 55934  69.9991 234.3973 0003444 268.6219  91.4546 14.98344540 81405
STARLINK-5920           
1 55935U 23037X   24248.42044207  .00000569  00000+0  55458-4 0  9995
2 55935  69.9996 234.4714 0003204 266.5845  93.4947 14.98335795 81400
STARLINK-5882           
1 55936U 23037Y   24248.36178035  .00000108  00000+0  16867-4 0  9996
2 55936  69.9994 214.3849 0002818 268.6799  91.4037 14.98335534 81898
STARLINK-5913           
1 55937U 23037Z   24248.34950988 -.00000136  00000+0 -36181-5 0  9995
2 55937  69.9995 234.6246 0002896 269.0533  91.0294 14.98331501 81399
STARLINK-5909           
1 55938U 23037AA  24248.34533593  .00000795  00000+0  74439-4 0  9991
2 55938  69.9995 234.6098 0002934 269.9407  90.1416 14.98333463 81392
STARLINK-5918           
1 55939U 23037AB  24248.40374420  .00000507  00000+0  50309-4 0  9992
2 55939  69.9990 234.4129 0003127 266.2772  93.8029 14.98337369 81402
STARLINK-5864           
1 55940U 23037AC  24248.40792251  .00000474  00000+0  47504-4 0  9996
2 55940  69.9995 234.4271 0002874 270.7909  89.2920 14.98331118 81402
STARLINK-5914           
1 55941U 23037AD  24248.36620907  .00000243  00000+0  28116-4 0  9992
2 55941  69.9992 234.6839 0002982 266.9726  93.1091 14.98332930 81390
STARLINK-5917           
1 55942U 23037AE  24248.38287687  .00002394  00000+0  20833-3 0  9995
2 55942  69.9991 234.3357 0003107 267.7697  92.3106 14.98338418 81405
STARLINK-5932           
1 55943U 23037AF  24248.39103454  .00002375  00000+0  20639-3 0  9999
2 55943  69.9982 234.3655 0003212 270.3950  89.6841 14.98410253 81409
STARLINK-5926           
1 55944U 23037AG  24248.38704866  .00000666  00000+0  63591-4 0  9999
2 55944  69.9986 234.3523 0003033 268.8410  91.2401 14.98336199 81409
STARLINK-5925           
1 55945U 23037AH  24248.39556210  .00000571  00000+0  55623-4 0  9991
2 55945  69.9990 234.3824 0003027 267.5131  92.5682 14.98336858 81405
STARLINK-5857           
1 55946U 23037AJ  24248.39539896  .00000852  00000+0  79143-4 0  9998
2 55946  69.9989 234.3816 0002956 270.2311  89.8510 14.98334022 81406
STARLINK-5851           
1 55947U 23037AK  24248.37886711  .00000772  00000+0  72444-4 0  9996
2 55947  69.9991 234.3219 0003050 267.5884  92.4926 14.98336496 81405
STARLINK-5900           
1 55948U 23037AL  24248.34527746  .00000290  00000+0  32056-4 0  9994
2 55948  69.9992 214.7315 0002888 263.7062  96.3768 14.98333245 81888
STARLINK-5899           
1 55949U 23037AM  24248.34928648  .00000588  00000+0  57095-4 0  9991
2 55949  69.9991 214.7452 0002825 271.3720  88.7116 14.98333579 81889
STARLINK-5911           
1 55950U 23037AN  24248.27000313  .00000275  00000+0  30799-4 0  9990
2 55950  69.9989 214.8685 0002952 270.6021  89.4799 14.98333577 81876
STARLINK-5908           
1 55951U 23037AP  24248.37870263  .00000308  00000+0  33581-4 0  9990
2 55951  69.9994 234.3218 0003171 270.2932  89.7863 14.98334387 81407
STARLINK-5893           
1 55952U 23037AQ  24248.34127265  .00154859  00000+0  12944-1 0  9993
2 55952  69.9986 214.7177 0004134 324.0277  36.0603 14.97594679 81885
STARLINK-5889           
1 55953U 23037AR  24248.35345959  .00001679  00000+0  14853-3 0  9991
2 55953  69.9991 214.7594 0002776 271.0303  89.0537 14.98325971 81888
STARLINK-5892           
1 55954U 23037AS  24248.24495994  .00000031  00000+0  10421-4 0  9994
2 55954  69.9994 214.7787 0002915 268.8915  91.1910 14.98332393 81878
STARLINK-5878           
1 55955U 23037AT  24248.32841522  .00000321  00000+0  34672-4 0  9992
2 55955  69.9994 214.6690 0002739 269.3128  90.7717 14.98332680 81887
STARLINK-5883           
1 55956U 23037AU  24248.23661042  .00000016  00000+0  91147-5 0  9992
2 55956  69.9995 214.7509 0002664 263.3884  96.6971 14.98331628 81876
STARLINK-5884           
1 55957U 23037AV  24248.33258806  .00000002  00000+0  79688-5 0  9995
2 55957  69.9993 214.6842 0002966 270.9606  89.1213 14.98334012 81882
STARLINK-5928           
1 55958U 23037AW  24248.32423948  .00000300  00000+0  32954-4 0  9991
2 55958  69.9994 214.6544 0002918 270.8241  89.2583 14.98336781 81880
STARLINK-5929           
1 55959U 23037AX  24248.32006564  .00000835  00000+0  77765-4 0  9995
2 55959  69.9991 214.6407 0003003 267.1252  92.9564 14.98337887 81881
STARLINK-5938           
1 55960U 23037AY  24248.34093603  .00001028  00000+0  93912-4 0  9996
2 55960  69.9989 214.6954 0002965 268.6284  91.4536 14.98334958 81883
STARLINK-5933           
1 55961U 23037AZ  24248.24078409  .00000295  00000+0  32530-4 0  9997
2 55961  69.9994 214.7649 0003008 268.2564  91.8251 14.98334247 81876
STARLINK-5906           
1 55962U 23037BA  24248.34511193 -.00000388  00000+0 -24719-4 0  9996
2 55962  69.9987 214.7244 0002820 266.2731  93.8105 14.98329917 81884
STARLINK-5924           
1 55963U 23037BB  24248.24913382  .00000386  00000+0  40126-4 0  9998
2 55963  69.9994 214.7942 0002975 267.4227  92.6592 14.98332713 81876
STARLINK-5895           
1 55964U 23037BC  24248.36520138  .00000126  00000+0  19002-4 0  9996
2 55964  69.9996 213.9431 0002866 266.1852  93.8979 14.96718604 81903
STARLINK-5894           
1 55965U 23037BD  24248.29919680  .00000015  00000+0  90263-5 0  9999
2 55965  69.9993 214.5683 0002888 267.7801  92.3027 14.98333319 81885
STARLINK-5990           
1 56448U 23064A   24248.58171673  .00000874  00000+0  81053-4 0  9999
2 56448  69.9988  94.0703 0003104 268.4639  91.6164 14.98333707 72693
STARLINK-5993           
1 56449U 23064B   24248.60241988  .00002325  00000+0  20251-3 0  9995
2 56449  69.9995  94.1406 0002967 269.9602  90.1217 14.98337561 72690
STARLINK-5970           
1 56450U 23064C   24248.57754167  .00000357  00000+0  37687-4 0  9996
2 56450  69.9990  94.0557 0003088 268.9349  91.1456 14.98333113 72690
STARLINK-5985           
1 56451U 23064D   24248.59824636  .00000945  00000+0  87015-4 0  9991
2 56451  69.9988  94.1264 0003046 270.0317  90.0493 14.98334661 72695
STARLINK-5986           
1 56452U 23064E   24248.59407855 -.00000324  00000+0 -19337-4 0  9997
2 56452  69.9988  94.1117 0002695 275.0233  85.0619 14.98346259 72694
STARLINK-5935           
1 56453U 23064F   24248.58989817  .00002147  00000+0  18771-3 0  9993
2 56453  69.9984  94.0968 0003033 270.7503  89.3308 14.98328489 72690
STARLINK-5959           
1 56454U 23064G   24248.56902863  .00003733  00000+0  32041-3 0  9996
2 56454  70.0003  94.0245 0002854 260.4786  99.6050 14.98334022 72691
STARLINK-5987           
1 56455U 23064H   24247.96401297  .00000538  00000+0  52901-4 0  9993
2 56455  69.9993  95.5246 0003013 270.6045  89.4769 14.98331114 72607
STARLINK-5995           
1 56456U 23064J   24247.97653851  .00000889  00000+0  82285-4 0  9997
2 56456  69.9990  95.5695 0002997 267.8992  92.1824 14.98328534 72607
STARLINK-5994           
1 56457U 23064K   24248.56919439  .00000984  00000+0  90249-4 0  9996
2 56457  69.9997  94.0259 0002770 261.7917  98.2928 14.98330925 72692
STARLINK-6050           
1 56458U 23064L   24248.58155038  .00000668  00000+0  63766-4 0  9999
2 56458  69.9990  94.0672 0003066 268.2595  91.8213 14.98332110 72692
STARLINK-6048           
1 56459U 23064M   24248.61508242  .00000145  00000+0  19922-4 0  9998
2 56459  69.9992  93.7826 0002894 269.9717  90.1111 14.98331819 72700
STARLINK-6047           
1 56460U 23064N   24248.62743955  .00000411  00000+0  42241-4 0  9999
2 56460  69.9994  93.8266 0002868 265.8813  94.2018 14.98332670 72703
STARLINK-6037           
1 56461U 23064P   24248.61074230  .00000509  00000+0  50419-4 0  9996
2 56461  69.9986  93.7661 0002983 270.0880  89.9937 14.98334416 72704
STARLINK-6045           
1 56462U 23064Q   24248.56454391  .00000681  00000+0  64866-4 0  9993
2 56462  69.9997  53.8349 0003149 271.1673  88.9125 14.98330305 73683
STARLINK-6051           
1 56463U 23064R   24248.58572412  .00000891  00000+0  82416-4 0  9995
2 56463  69.9987  94.0736 0003055 268.9354  91.1455 14.98333104 72698
STARLINK-6043           
1 56464U 23064S   24248.62326496  .00000799  00000+0  74744-4 0  9992
2 56464  69.9993  93.8120 0002895 265.4135  94.6693 14.98334770 72704
STARLINK-6054           
1 56465U 23064T   24248.57272660  .00000603  00000+0  58327-4 0  9993
2 56465  70.0001  53.8599 0002906 270.5021  89.5805 14.98331904 73680
STARLINK-6053           
1 56466U 23064U   24248.61491615  .00000206  00000+0  25054-4 0  9992
2 56466  69.9994  93.7825 0002826 266.1324  93.9512 14.98333221 72702
STARLINK-6055           
1 56467U 23064V   24248.56880399  .00000498  00000+0  49557-4 0  9995
2 56467  69.9988  74.1516 0002908 265.9875  94.0952 14.98330662 73184
STARLINK-5998           
1 56468U 23064W   24248.60656992 -.00000438  00000+0 -28897-4 0  9991
2 56468  69.9988  93.7509 0002964 269.7220  90.3599 14.98342962 72701
STARLINK-5518           
1 56469U 23064X   24248.58132611  .00002028  00000+0  17767-3 0  9994
2 56469  69.9991  74.1963 0002967 268.8644  91.2175 14.98336016 73182
STARLINK-5523           
1 56470U 23064Y   24248.57297806  .00000817  00000+0  76224-4 0  9991
2 56470  69.9991  74.1666 0002949 268.5934  91.4887 14.98333596 73185
STARLINK-5521           
1 56471U 23064Z   24248.56462871  .00000574  00000+0  55870-4 0  9991
2 56471  69.9990  74.1364 0002886 266.0041  94.0789 14.98334459 73181
STARLINK-5038           
1 56472U 23064AA  24248.56479413  .00000527  00000+0  51949-4 0  9993
2 56472  69.9990  74.1367 0002876 265.4275  94.6556 14.98334517 73189
STARLINK-5486           
1 56473U 23064AB  24248.61886999  .00000056  00000+0  12518-4 0  9997
2 56473  69.9993  73.9248 0003033 266.4000  93.6812 14.98338731 73198
STARLINK-5524           
1 56474U 23064AC  24248.57715219  .00001577  00000+0  13991-3 0  9993
2 56474  70.0004  74.1811 0003059 266.0387  94.0423 14.98333169 73188
STARLINK-5541           
1 56475U 23064AD  24248.60651134  .00000795  00000+0  74383-4 0  9997
2 56475  69.9992  73.8809 0003055 269.4387  90.6422 14.98332302 73198
STARLINK-5545           
1 56476U 23064AE  24248.62721520  .00000811  00000+0  75785-4 0  9993
2 56476  69.9991  73.9528 0002892 267.9199  92.1628 14.98334266 73195
STARLINK-5534           
1 56477U 23064AF  24248.60233756  .00001394  00000+0  12456-3 0  9993
2 56477  69.9990  73.8659 0003132 268.9440  91.1360 14.98331298 73191
STARLINK-6041           
1 56478U 23064AG  24248.61469367  .00000579  00000+0  56345-4 0  9994
2 56478  69.9986  73.9093 0003049 270.3781  89.7028 14.98332873 73196
STARLINK-6044           
1 56479U 23064AH  24248.58964780  .00002110  00000+0  18458-3 0  9995
2 56479  70.0001  73.8206 0003027 271.8871  88.1941 14.98332491 73198
STARLINK-6214           
1 56480U 23064AJ  24248.61402653  .00063296  00000+0  46573-2 0  9997
2 56480  69.9990  73.5114 0003458 265.4769  94.5997 15.03019619 73207
STARLINK-6222           
1 56481U 23064AK  24248.59799730  .00000231  00000+0  27159-4 0  9991
2 56481  69.9988  73.8497 0003032 268.1444  91.9367 14.98329596 73191
STARLINK-6220           
1 56482U 23064AL  24248.61052238  .00000694  00000+0  65990-4 0  9998
2 56482  69.9989  73.8948 0003060 268.6755  91.4054 14.98327798 73195
STARLINK-5868           
1 56483U 23064AM  24248.60634564  .00001030  00000+0  94086-4 0  9999
2 56483  69.9989  73.8764 0003118 268.9980  91.0822 14.98331022 73193
STARLINK-6221           
1 56484U 23064AN  24248.60217179  .00000964  00000+0  88539-4 0  9990
2 56484  69.9989  73.8647 0003138 269.9757  90.1042 14.98332402 73196
STARLINK-6210           
1 56485U 23064AP  24248.58548235  .00000184  00000+0  23206-4 0  9992
2 56485  69.9996  73.8064 0002986 267.9336  92.1481 14.98326719 73192
STARLINK-6201           
1 56486U 23064AQ  24248.59382309  .00000761  00000+0  71597-4 0  9999
2 56486  69.9990  73.8353 0003028 268.9297  91.1515 14.98331665 73196
STARLINK-6196           
1 56487U 23064AR  24248.56855528  .00000565  00000+0  55147-4 0  9990
2 56487  69.9999  53.8809 0003102 271.3552  88.7251 14.98332890 73689
STARLINK-6204           
1 56488U 23064AS  24248.61029537  .00001028  00000+0  93962-4 0  9992
2 56488  69.9993  54.0241 0003303 269.3823  90.6958 14.98335846 73688
STARLINK-5923           
1 56489U 23064AT  24248.59777365  .00000612  00000+0  59099-4 0  9990
2 56489  69.9998  53.9788 0003046 268.3659  91.7151 14.98332053 73682
STARLINK-5873           
1 56490U 23064AU  24248.61864529  .00003784  00000+0  32467-3 0  9996
2 56490  70.0015  54.0520 0003060 266.8325  93.2484 14.98337967 73687
STARLINK-5842           
1 56491U 23064AV  24248.59359999  .00000694  00000+0  65960-4 0  9996
2 56491  70.0000  53.9645 0002717 267.8608  92.2240 14.98333088 73680
STARLINK-5846           
1 56492U 23064AW  24248.58942385  .00000502  00000+0  49868-4 0  9990
2 56492  70.0000  53.9492 0002959 267.4272  92.6548 14.98333441 73680
STARLINK-5841           
1 56493U 23064AX  24248.60603747  .00000671  00000+0  64053-4 0  9990
2 56493  70.0008  33.7258 0002996 265.4089  94.6728 14.98330678 74187
STARLINK-5530           
1 56494U 23064AY  24248.58959041  .00000953  00000+0  87656-4 0  9996
2 56494  70.0000  53.9503 0002927 267.9948  92.0876 14.98333263 73685
STARLINK-5529           
1 56495U 23064AZ  24248.58107605  .00003444  00000+0  29624-3 0  9996
2 56495  70.0008  53.9190 0003425 269.9946  90.0821 14.98337106 73688
STARLINK-5526           
1 56496U 23064BA  24248.57690255  .00000826  00000+0  76988-4 0  9991
2 56496  69.9999  53.9065 0002997 269.5485  90.5330 14.98334696 73684
STARLINK-5527           
1 56497U 23064BB  24248.57290404  .00002715  00000+0  23529-3 0  9995
2 56497  69.9993  53.8916 0003294 272.8813  87.1969 14.98328931 73681
STARLINK-5522           
1 56498U 23064BC  24248.58525011  .00000731  00000+0  69023-4 0  9998
2 56498  70.0001  53.9349 0003016 267.7016  92.3798 14.98334552 73680
STARLINK-6197           
1 56767U 23078A   24248.57157985  .00003628  00000+0  31163-3 0  9993
2 56767  70.0022 314.0757 0002979 269.7295  90.3523 14.98342855 69633
STARLINK-6198           
1 56768U 23078B   24248.49599729  .00000287  00000+0  31844-4 0  9996
2 56768  69.9980 274.0735 0003141 270.4288  89.6511 14.98332646 70613
STARLINK-5978           
1 56769U 23078C   24248.56323073  .00000782  00000+0  73317-4 0  9993
2 56769  70.0000 314.0412 0003659 270.8696  89.2044 14.98331535 69631
STARLINK-6342           
1 56770U 23078D   24248.56740622  .00001553  00000+0  13787-3 0  9999
2 56770  70.0015 314.0595 0003217 271.1025  88.9766 14.98336655 69636
STARLINK-6339           
1 56771U 23078E   24248.46241693 -.00000322  00000+0 -19176-4 0  9997
2 56771  69.9989 254.4502 0003077 269.3755  90.7051 14.98325973 71094
STARLINK-6275           
1 56772U 23078F   24248.55905960  .00004878  00000+0  41624-3 0  9992
2 56772  70.0020 314.0300 0003511 275.9968  84.0791 14.98335475 69637
STARLINK-6296           
1 56773U 23078G   24248.45840037  .00000574  00000+0  55900-4 0  9997
2 56773  69.9988 254.4520 0002902 272.1116  87.9711 14.98333271 71095
STARLINK-6190           
1 56774U 23078H   24248.61346361  .00002181  00000+0  19049-3 0  9996
2 56774  70.0012 313.8200 0003184 273.5368  86.5427 14.98337852 69645
STARLINK-6292           
1 56775U 23078J   24248.45823507  .00000790  00000+0  73982-4 0  9992
2 56775  69.9987 254.4510 0003089 271.5033  88.5772 14.98331566 71092
STARLINK-6274           
1 56776U 23078K   24248.48350531  .00000675  00000+0  64394-4 0  9997
2 56776  69.9981 274.4247 0003077 270.3629  89.7178 14.98332654 70609
STARLINK-5582           
1 56777U 23078L   24248.57553167  .00000745  00000+0  70243-4 0  9996
2 56777  69.9987 294.2145 0003008 271.6948  88.3867 14.98335237 70122
STARLINK-6304           
1 56778U 23078M   24248.47932904 -.00000124  00000+0 -25918-5 0  9999
2 56778  69.9985 274.4099 0003010 267.9470  92.1345 14.98332418 70605
STARLINK-6231           
1 56779U 23078N   24248.45428485 -.00000342  00000+0 -20853-4 0  9996
2 56779  69.9981 274.3214 0003073 271.6785  88.4022 14.98330828 70591
STARLINK-5963           
1 56780U 23078P   24248.53590954  .00000744  00000+0  68759-4 0  9999
2 56780  69.9988 294.0937 0003181 269.5695  90.5100 14.99143123 70128
STARLINK-5989           
1 56781U 23078Q   24248.55466138  .00000677  00000+0  64532-4 0  9998
2 56781  69.9980 294.1393 0003271 267.5069  92.5716 14.98333618 70125
STARLINK-6352           
1 56782U 23078R   24248.47515526 -.00003059  00000+0 -24866-3 0  9990
2 56782  69.9981 274.3949 0003092 270.8157  89.2647 14.98336879 70601
STARLINK-6357           
1 56783U 23078S   24248.46680250  .00000631  00000+0  60699-4 0  9993
2 56783  69.9982 274.3656 0003052 268.2925  91.7884 14.98336169 70601
STARLINK-6354           
1 56784U 23078T   24248.47098051  .00000051  00000+0  12080-4 0  9994
2 56784  69.9982 274.3810 0003110 271.2461  88.8341 14.98332397 70602
STARLINK-5931           
1 56785U 23078U   24248.56300735  .00003289  00000+0  28325-3 0  9994
2 56785  69.9993 294.1692 0003010 271.7119  88.3695 14.98343773 70817
STARLINK-6341           
1 56786U 23078V   24248.52939366  .00001495  00000+0  13301-3 0  9994
2 56786  69.9981 274.1834 0003009 269.5958  90.4856 14.98335926 70617
STARLINK-6326           
1 56787U 23078W   24248.50434805  .00000399  00000+0  41207-4 0  9990
2 56787  69.9983 274.0964 0003223 268.2707  91.8083 14.98332136 70616
STARLINK-6336           
1 56788U 23078X   24248.52521830  .00000722  00000+0  68249-4 0  9993
2 56788  69.9982 274.1687 0003031 268.8525  91.2287 14.98335323 70611
STARLINK-6325           
1 56789U 23078Y   24248.36642899  .00000046  00000+0  11690-4 0  9992
2 56789  69.9982 254.5322 0003234 272.0875  87.9914 14.98332207 71753
STARLINK-6345           
1 56790U 23078Z   24248.44153865 -.00000253  00000+0 -13379-4 0  9991
2 56790  69.9978 254.3944 0003328 266.4803  93.5975 14.98319258 71098
STARLINK-5977           
1 56791U 23078AA  24248.52544034  .00003412  00000+0  29361-3 0  9998
2 56791  69.9989 294.0400 0003234 268.8551  91.2238 14.98332629 70128
STARLINK-6046           
1 56792U 23078AB  24248.56717556  .00007181  00000+0  60862-3 0  9992
2 56792  69.9994 294.1844 0003076 266.0987  93.9821 14.98356178 70127
STARLINK-6052           
1 56793U 23078AC  24248.54213915  .00000897  00000+0  82994-4 0  9999
2 56793  69.9996 294.0974 0003129 267.0637  93.0164 14.98333638 70122
STARLINK-6060           
1 56794U 23078AD  24248.45010988 -.00000051  00000+0  34980-5 0  9991
2 56794  69.9980 274.3064 0003070 269.4972  90.5836 14.98331443 70603
STARLINK-6061           
1 56795U 23078AE  24248.49199036 -.00000133  00000+0 -33252-5 0  9991
2 56795  69.9980 274.0494 0003113 268.0566  92.0236 14.98330383 70614
STARLINK-6049           
1 56796U 23078AF  24248.55883427  .00002111  00000+0  18465-3 0  9996
2 56796  69.9994 294.1558 0003142 279.2029  80.8774 14.98338767 70126
STARLINK-6058           
1 56797U 23078AG  24248.57135485  .00002066  00000+0  18082-3 0  9997
2 56797  69.9993 294.1920 0003133 264.8863  95.1939 14.98339294 70123
STARLINK-6068           
1 56798U 23078AH  24248.51269609 -.00000078  00000+0  12355-5 0  9999
2 56798  69.9981 274.1229 0003225 272.5299  87.5491 14.98331122 71280
STARLINK-5953           
1 56799U 23078AJ  24248.52143338  .00000127  00000+0  18447-4 0  9992
2 56799  69.9994 294.0228 0003002 266.1606  93.9210 14.98333599 70121
STARLINK-6036           
1 56800U 23078AK  24248.55048491  .00002288  00000+0  19944-3 0  9994
2 56800  69.9991 294.1245 0003145 271.5830  88.4969 14.98340254 70124
STARLINK-6087           
1 56801U 23078AL  24248.50017113  .00000370  00000+0  38775-4 0  9991
2 56801  69.9982 274.0771 0003129 269.0568  91.0233 14.98333389 70617
STARLINK-6070           
1 56802U 23078AM  24248.51702558 -.00009139  00000+0 -75828-3 0  9990
2 56802  69.9981 274.1437 0003085 268.0763  92.0043 14.98373958 70610
STARLINK-6029           
1 56803U 23078AN  24248.53796506  .00010721  00000+0  90443-3 0  9996
2 56803  69.9997 294.0810 0003195 269.5001  90.5792 14.98349633 70120
STARLINK-6069           
1 56804U 23078AP  24248.50852080  .00000186  00000+0  23390-4 0  9996
2 56804  69.9980 274.1078 0003425 271.3275  88.7492 14.98332369 71280
STARLINK-6064           
1 56805U 23078AQ  24248.50869013  .00003736  00000+0  32068-3 0  9996
2 56805  69.9979 274.1071 0003198 271.3028  88.7764 14.98332796 70617
STARLINK-6072           
1 56806U 23078AR  24248.41665897 -.00000151  00000+0 -48585-5 0  9994
2 56806  69.9986 254.3050 0002979 268.3867  91.6951 14.98328221 71098
STARLINK-6073           
1 56807U 23078AS  24248.49182181  .00000452  00000+0  45652-4 0  9996
2 56807  69.9982 274.0478 0003186 271.3794  88.7000 14.98335195 70619
STARLINK-6042           
1 56808U 23078AT  24248.37321847  .00000691  00000+0  35084-4 0  9991
2 56808  69.9986 234.1702 0003422 270.4809  89.5970 15.22232056 71594
STARLINK-6040           
1 56809U 23078AU  24248.51709240  .00003005  00000+0  25941-3 0  9997
2 56809  69.9998 294.0091 0002997 269.8218  90.2597 14.98341839 70120
STARLINK-6031           
1 56810U 23078AV  24248.53379641  .00005982  00000+0  50886-3 0  9991
2 56810  69.9989 294.0662 0003034 271.0445  89.0366 14.98320147 70125
STARLINK-6063           
1 56811U 23078AW  24248.41233294 -.00000010  00000+0  69549-5 0  9998
2 56811  69.9987 254.2872 0003160 272.4480  87.6318 14.98325849 71091
STARLINK-6065           
1 56812U 23078AX  24248.50033831  .00000065  00000+0  13228-4 0  9995
2 56812  69.9982 274.0840 0003196 269.0617  91.0176 14.98332137 70611
STARLINK-6056           
1 56813U 23078AY  24248.57984411  .00001063  00000+0  96838-4 0  9999
2 56813  70.0001 293.8259 0003046 272.8874  87.1937 14.98334811 70130
STARLINK-6059           
1 56814U 23078AZ  24248.52126862  .00001272  00000+0  11437-3 0  9996
2 56814  69.9993 294.0221 0002941 265.2031  94.8793 14.98335809 70126
STARLINK-6057           
1 56815U 23078BA  24248.54631926  .00001535  00000+0  13640-3 0  9991
2 56815  69.9980 294.2146 0002986 266.8861  93.1956 14.98336587 70125
STARLINK-6067           
1 56816U 23078BB  24248.48765063  .00001082  00000+0  98418-4 0  9999
2 56816  69.9982 274.0347 0003225 267.1370  92.9420 14.98334493 70614
STARLINK-5982           
1 56817U 23078BC  24248.52961613  .00000444  00000+0  45040-4 0  9998
2 56817  69.9990 294.0512 0003108 266.9347  93.1457 14.98332831 70124
STARLINK-6028           
1 56818U 23078BD  24248.51291998  .00000258  00000+0  29414-4 0  9990
2 56818  69.9988 293.9927 0003044 269.6261  90.4549 14.98333502 70818
