COSMOS 1408             
1 13552U 82092A   24249.26331164  .00181381  00000+0  91422-3 0  9996
2 13552  82.5509 156.7092 0011469  58.2699 301.9685 15.81048590158060
COSMOS 1408 DEB         
1 49527U 82092Q   24249.60258681  .00106993  00000+0  77998-2 0  9994
2 49527  82.3731 298.4870 0313807 182.7380 177.2130 14.71466566146808
COSMOS 1408 DEB         
1 49537U 82092AA  24249.82944693  .00049973  00000+0  18095-2 0  9991
2 49537  82.5504 213.7533 0108124 138.2858 222.6689 15.22738440154134
COSMOS 1408 DEB         
1 49539U 82092AC  24249.15955184  .00149557  00000+0  84235-2 0  9994
2 49539  82.1757 276.5619 0253029 206.9946 151.7928 14.89454850146490
COSMOS 1408 DEB         
1 49619U 82092DL  24249.00633191  .00203701  00000+0  10783-1 0  9996
2 49619  81.9511 241.0075 0241427 210.6978 147.9934 14.93055653146760
COSMOS 1408 DEB         
1 50032U 82092RU  24249.27859766  .00011106  00000+0  28326-3 0  9994
2 50032  82.5689 171.3317 0020346  89.3436 271.0141 15.39147605154581
COSMOS 1408 DEB         
1 50058U 82092SW  24249.32922157  .00028818  00000+0  70033-3 0  9993
2 50058  82.6194 185.3832 0027684   5.2245 354.9285 15.40433340156189
COSMOS 1408 DEB         
1 50123U 82092VP  24249.20002498  .00396821  58518-4  12080-2 0  9991
2 50123  82.5467 156.7073 0002276  75.5198 284.6328 15.91963578157769
COSMOS 1408 DEB         
1 50351U 82092ABM 24249.24183272  .00078179  00000+0  22035-2 0  9990
2 50351  82.5173 217.5034 0110803 160.8202 199.7263 15.30107099153636
COSMOS 1408 DEB         
1 50363U 82092ABZ 24249.85392935  .00338999  00000+0  29009-2 0  9995
2 50363  82.4035 174.3808 0043182 114.4785 246.0988 15.67244283152423
COSMOS 1408 DEB         
1 50404U 82092ADS 24249.15177587  .00054709  00000+0  53310-2 0  9994
2 50404  82.2400 304.1158 0396335 268.6004  86.9770 14.47924184143412
COSMOS 1408 DEB         
1 50578U 82092AJW 24249.81641722  .00336255  00000+0  14192-2 0  9990
2 50578  82.7015 187.2176 0008260  44.5164 315.6768 15.84539143152975
COSMOS 1408 DEB         
1 50621U 82092ALR 24249.26761111  .00030507  00000+0  86659-3 0  9992
2 50621  82.5807 188.5034 0047533  39.4967 320.9724 15.34870355150919
COSMOS 1408 DEB         
1 50689U 82092APM 24249.24225158  .00069263  00000+0  91126-3 0  9996
2 50689  82.5111 161.2251 0029112 298.3928  61.4393 15.57689469150969
COSMOS 1408 DEB         
1 50730U 82092ARE 24249.23313881  .00267979  00000+0  12139-2 0  9993
2 50730  82.5524 162.6635 0005262  43.1419 317.0262 15.83222460151976
COSMOS 1408 DEB         
1 51184U 82092AZJ 24249.53265698  .00051806  00000+0  77205-3 0  9998
2 51184  82.4935 156.9433 0013685 307.1456  52.8547 15.54777219148969
COSMOS 1408 DEB         
1 51225U 82092BBB 24249.16537105  .00218955  00000+0  14004-2 0  9995
2 51225  82.4551 156.5559 0031394  77.3666 283.1105 15.75011310149652
COSMOS 1408 DEB         
1 51435U 82092BKH 24249.58685771  .00085774  00000+0  17049-2 0  9990
2 51435  82.5554 188.2286 0049663  58.2055 302.4016 15.45272492146421
COSMOS 1408 DEB         
1 51579U 82092BNG 24245.54105345  .00215268  00000+0  17149-2 0  9999
2 51579  82.4827 169.8183 0026211  71.1559 289.2542 15.70079328146348
COSMOS 1408 DEB         
1 51582U 82092BNK 24248.25943018  .00221904  00000+0  20954-2 0  9993
2 51582  82.5549 186.1367 0036127  46.4753 313.9498 15.65498848146495
COSMOS 1408 DEB         
1 52066U 82092BUU 24248.65756773  .00063047  00000+0  22023-2 0  9996
2 52066  82.5134 224.7763 0124686 197.6161 162.0735 15.22139375138445
